#{"t_start": 1785309798.3497977, "env_id": "None"}
r,l,t,success,freeze_attempted,d_m,alpha_deg
1.016261,2,2.877168,True,True,0.000489445378728923,15.692779091406155
7.76435,8,6.234492,True,True,0.0003064327959085428,2.2891080356025695
2.166222,5,7.425147,True,True,0.00472753023735714,13.621952523102205
4.620251,4,8.767402,True,True,0.009487853553049047,7.775861949081336
-2.48927,24,11.870502,True,True,0.0006914505249928822,15.355732865583294
6.333145,15,14.338883,True,True,0.002392543261902011,3.788596128982939
2.620756,7,16.670226,True,True,0.009444370464613107,9.710125872233231
8.052615,20,22.283831,True,True,0.007421987087384648,2.1946647703757116
3.155367,3,23.438539,True,True,0.004658547591333974,11.004720479563181
-13.098004,60,34.401916,False,True,0.013676527644611611,51.946251877987116
3.719334,13,38.961236,True,True,0.01039402612372466,6.571619729924611
6.356628,5,41.08003,True,True,7.424967452297499e-05,5.60374937810851
4.891016,20,49.12592,True,True,0.004394334904299109,5.315258910261543
-12.786701,60,58.434327,False,True,0.0035403099238477424,67.85173307401702
8.888338,29,63.308517,True,True,6.991580563003343e-05,1.6173218292682223
2.555963,6,64.609792,True,True,0.0006069309279973286,11.02727113953068
6.26423,14,67.34889,True,True,6.273201518648599e-05,4.234146849848043
-11.121761,60,73.306714,False,True,0.010014157762626886,69.07895948349024
8.478952,3,75.572909,True,True,0.00062985397954881,1.7099806119127106
6.043061,2,76.704793,True,True,0.0009871013040466633,7.989883198502657
9.057082,10,80.136743,True,True,1.5967818917969438e-06,1.6006970900945194
2.404332,5,83.461736,True,True,0.00018622818789307098,11.308843785885797
5.140903,11,87.463715,True,True,0.004772546014000753,7.8759370579786125
-1.810064,12,89.81606,True,True,0.01141025765168777,15.426238034563267
7.998969,6,91.024862,True,True,0.00450834403574395,2.6127974767953193
2.086569,3,92.149791,True,True,0.002855005129334831,13.327128008554297
3.350254,5,94.336539,True,True,9.118607952052216e-11,11.250385786372396
6.40382,5,95.626291,True,True,0.00018406739847477227,6.001079435377533
8.626846,2,96.784005,True,True,0.0031451953313694878,2.4545239222616924
0.620225,5,99.008669,True,True,0.00918443202702357,14.632925031210707
0.548306,6,100.43947,True,True,0.009495041197033293,16.210069697933218
-0.480183,11,105.828602,True,True,0.002049872135583705,14.184312626435792
-13.80487,60,118.186382,False,True,0.006873047404924576,33.03495708132965
2.442282,5,119.503717,True,True,0.002798205434418467,12.843516203182734
2.365776,14,123.659642,True,True,0.0016766386027552115,11.897420236252056
-0.453412,20,130.387801,True,True,0.007097528160333931,12.422513465837914
-2.598364,5,131.503234,True,True,0.0044477252387107235,17.22915846636054
6.408529,3,132.737468,True,True,0.002071964878418597,4.972954353406977
0.210168,14,136.389803,True,True,0.0021574031851743294,15.36979373365442
-18.227285,60,148.809977,False,True,0.007137696648430607,73.794666098411
2.695175,4,151.006428,True,True,0.004739967375054825,11.784247873476271
1.492514,8,154.438482,True,True,0.008622722989689961,14.063002306431832
-25.515496,60,170.4814,False,True,0.02374930936315759,20.597725129391222
6.252149,1,171.656197,True,True,0.004791648696846153,6.611600567727785
-16.858756,60,181.769829,False,True,0.023899559376462123,13.447356013379823
-0.557137,27,200.386711,True,True,0.005213656118220262,15.200183908435967
-1.262293,24,205.413698,True,True,0.004472794440657938,15.652320691233538
-6.578515,23,208.13292,True,True,0.004810938145604742,16.131673751874235
-26.730488,60,219.594881,False,True,0.009259311799287042,14.058027008349015
1.97433,1,220.718228,True,True,0.0024328613788709283,14.326404619029628
2.256884,19,225.275554,True,True,0.004404270971663512,7.230976999542193
5.938896,16,228.990361,True,True,0.007257010608053687,3.1005113878687456
4.835115,11,233.531018,True,True,0.00460964610060082,8.269062659081868
7.375175,6,234.784347,True,True,0.004069003771978404,4.779981080601897
0.666069,3,238.197006,True,True,0.00038266945726974505,15.990309322805743
-18.546613,60,248.61807,False,True,0.004502051755938465,38.1210167404497
4.797687,4,250.94353,True,True,0.005087090831764768,7.56276144354927
4.392518,17,253.144818,True,True,0.0070832401492455085,6.576202298539013
7.903169,1,254.159008,True,True,0.0011789688467463743,3.6272205356545397
-25.74309,60,278.312143,False,True,0.010037602199950129,63.361488397368205
-2.096063,6,281.508562,True,True,0.007124337097925093,16.864499306242273
2.502639,1,282.638576,True,True,0.004856949258460809,13.375244195336354
-18.682488,60,303.00666,False,True,0.016468149682758264,12.634197412013748
-0.395249,4,304.155674,True,True,0.000514269438434549,17.78491075371393
7.550168,10,305.46739,True,True,0.002300860440617959,3.353077590907365
2.319434,10,307.866894,True,True,0.004631438858961671,10.45292742257537
3.793847,12,312.332513,True,True,0.002348475320647583,8.484781382244623
-34.125442,60,325.471673,False,True,0.008823279886386202,31.687629746928923
-0.748863,9,328.993116,True,True,0.002798021480401776,16.19953282652815
7.323571,7,330.398288,True,True,0.004674040335145806,2.9115335479417954
1.862297,10,336.042384,True,True,0.004239026791453959,10.943371900284948
4.89239,1,337.073492,True,True,0.00016432658700170875,9.061338568880002
9.805271,1,338.273859,True,True,2.962857087359435e-05,0.1798120523871747
1.989044,6,342.230222,True,True,3.249686551072111e-05,12.006345310631158
-12.273455,54,364.941371,True,True,0.0012541180198289564,10.343624967083322
-24.470998,60,386.94378,False,True,0.01079725064714726,25.950818648937897
1.194816,13,393.09909,True,True,0.007562846480213471,13.525991812124674
7.765344,7,397.525063,True,True,0.001506703274723983,2.8523721565674247
0.714402,7,399.914327,True,True,0.000126893704880714,13.91315445576391
1.310897,4,403.112747,True,True,0.000292309899137172,14.94689036502932
-32.610907,60,429.79898,False,True,0.0072729264518998065,19.196168837845217
1.454233,10,432.116802,True,True,0.0010305342477953464,14.245665310827837
6.237191,4,435.52441,True,True,2.9692503530379284e-05,5.76312590975025
2.108992,8,439.072355,True,True,0.0009324275487694964,12.994819642034543
5.275585,2,441.271981,True,True,0.011210116083308283,8.332344519555779
1.000332,5,442.558443,True,True,0.007253381902264849,15.259358848260582
5.42906,1,443.863479,True,True,0.00024926348852203056,8.092953221218746
-0.804522,13,447.462192,True,True,0.0002548838576022117,16.657037351040103
1.902247,2,448.617687,True,True,0.004655256302247498,14.507182045374584
-5.623135,39,459.892722,True,True,0.0017874374185979543,7.522668994604104
9.112192,1,460.971587,True,True,0.00019743194542709824,1.4421102864831032
1.863833,4,462.068442,True,True,0.009831590704654506,12.532532393672343
7.855274,10,467.816641,True,True,0.0005036223823768442,3.6900388490890195
-23.318259,60,479.519865,False,True,0.016905954784072304,34.641315499928645
2.697772,2,480.667241,True,True,0.0015966484918557775,12.942951531108944
6.232844,29,495.117798,True,True,0.004992651036598083,4.881391679066613
6.467013,1,496.202647,True,True,0.0003762248833693834,6.219612287153538
4.859493,6,498.42373,True,True,0.0027958051650107795,6.544763925522584
0.646648,8,501.869958,True,True,0.002071905059925082,12.500327185190935
-24.779494,60,532.488031,False,True,0.023902239381304424,13.113549282413791
1.643839,6,534.759654,True,True,0.0018045856539904634,14.394491823058008
5.701893,9,536.212075,True,True,0.0025511869268075435,5.330892020949104
7.826121,10,539.574745,True,True,0.002225002460946218,2.727252088388338
-25.110242,53,552.541994,True,True,0.001088121812934429,17.71701902662873
2.92736,31,565.303282,True,True,0.002526236694005623,8.01874515006859
6.434339,8,567.801359,True,True,0.009328888255031136,5.012868116991045
4.547489,2,568.905385,True,True,0.004842244243530155,8.857352264707623
3.343053,5,570.124362,True,True,6.090270128489284e-11,11.213422935750842
6.67185,4,572.4698,True,True,0.004574585913215528,4.8763716104847505
5.29773,2,573.641235,True,True,0.00430477824140537,8.017182232206025
4.907724,1,574.818841,True,True,0.00518642035616927,9.037731333856774
-1.045968,35,588.403309,True,True,0.007445469699358268,1.4687584430464828
2.716563,2,590.270607,True,True,0.0014541426575635057,12.940848263595498
5.326349,12,593.879116,True,True,0.0048996185975703,6.187760853106812
-26.128783,60,622.809653,False,True,0.05557566850595306,49.01937371178596
8.04286,5,625.139183,True,True,0.00020000735551287292,3.1322878167633332
5.565064,2,627.481594,True,True,0.004723781080625378,6.418251349563739
-22.839209,60,654.029505,False,True,0.008567081266813608,15.123677016516409
6.064742,2,655.210689,True,True,0.003823552966029851,6.616500757260352
-7.657238,41,665.138558,True,True,0.0003830829493454129,14.082672299577538
5.777197,1,666.337879,True,True,0.00011968925482981358,7.464519458115917
0.693657,12,669.929248,True,True,0.006053426218735102,10.528958179082302
4.06648,1,671.089199,True,True,0.0001306270636378655,10.550762275144873
5.253477,9,674.607773,True,True,0.002676908646658541,8.133274026400837
3.144979,1,675.675167,True,True,1.0588132107192116e-10,12.21365877198519
2.800921,1,676.813674,True,True,0.0012145833866365975,12.835038135179635
3.475884,9,679.185602,True,True,0.0007654645669063868,10.668575502589565
2.637078,4,682.641181,True,True,0.006746380392836728,12.323389059157387
-10.692638,45,699.169396,True,True,0.0053814506494023005,12.232040506854123
9.77358,7,704.626641,True,True,0.002202263123520922,1.0273856516146818
2.455666,1,706.067463,True,True,0.004379170960149621,13.459656278777794
9.488524,2,707.333815,True,True,0.004909485377981918,1.456801140264482
9.873471,17,718.420255,True,True,0.004824894958848947,0.750399557963836
-9.668959,42,737.979611,True,True,0.004521161823306565,15.641794015115222
0.952529,5,740.387408,True,True,0.005979825634779057,15.533444910525056
4.207265,1,741.612452,True,True,0.005338691441462623,10.301386533104674
2.197174,7,742.805717,True,True,0.007168911278103657,11.024668088664628
7.426627,8,744.145605,True,True,0.005073983332300349,2.8690842436190906
8.862215,3,745.499397,True,True,0.0048173135193101966,1.536591791277555
1.779355,1,746.625664,True,True,0.00030862196006517344,14.676695079271099
6.768596,3,747.819441,True,True,0.004754538587280119,5.565831700274613
0.110252,17,749.366423,True,True,0.004589448849905904,10.651615493004016
4.165841,7,752.823925,True,True,0.005398721964698764,9.281055235259808
2.89354,1,753.97582,True,True,0.004978349551281269,12.670442858015111
2.360844,2,755.288125,True,True,0.0043807586208362065,12.893733744730385
7.20253,2,756.484447,True,True,2.907428983170944e-05,4.291738629121361
8.438648,2,757.870305,True,True,0.005164766566804324,3.2474034350375267
-15.322676,60,775.983201,False,True,0.004633606698611908,8.75129938967912
0.325067,22,781.099359,True,True,0.009956525803108466,13.976829905668536
9.135199,5,782.528856,True,True,0.0024493588368915244,1.3037877832185845
7.858557,1,783.798525,True,True,0.0011343745721485343,3.707869538458322
6.444189,3,786.150276,True,True,0.0070041926978714995,5.839898860042645
5.380822,1,787.414064,True,True,0.0051134764606520135,8.184142776520304
3.71652,2,788.768673,True,True,0.004597268128264211,11.1939814296928
6.80196,1,789.850411,True,True,4.5021428058306725e-05,5.614581495752926
7.328451,1,790.971261,True,True,1.789317066689007e-05,4.663917103929392
6.427744,2,793.473943,True,True,2.8558830803403212e-05,5.126261051431147
0.832252,7,798.160489,True,True,0.001705145540158927,15.198511385383153
1.317758,9,799.573632,True,True,0.0015132523217320148,3.616513141909723
8.821036,2,800.769543,True,True,0.00028852711717993265,2.1054321057504004
6.471647,3,804.169104,True,True,0.0021191138912391213,4.432033411029168
3.147006,9,810.180201,True,True,0.001055076779730147,10.55524638301118
1.916182,10,813.733497,True,True,0.000884381893034844,13.377357428931711
3.832881,5,814.905914,True,True,0.004878230774491612,7.990169430168329
-19.786076,60,833.721223,False,True,0.001957039488876848,30.309174194964484
9.461527,2,836.544467,True,True,0.001760448321413349,0.6554344082134076
0.772145,14,842.589192,True,True,0.0024105295430010597,13.619933568909182
5.401225,2,843.815835,True,True,0.005928985503086675,6.787500063435536
8.401347,2,845.194662,True,True,0.004440011426060242,2.584204190430475
0.291713,8,848.991634,True,True,0.0031113989383127105,16.98914610927422
-24.66936,60,867.186143,False,True,0.0008778570707299749,16.54907691008667
0.04632,1,868.332288,True,True,0.004912888632621086,17.803459676227376
4.892742,8,872.256405,True,True,0.004175985242846621,8.036838359482825
3.057733,1,873.516211,True,True,1.6231184452042413e-10,12.37102434600392
0.147699,2,875.809814,True,True,7.173147522600461e-05,17.262471396517668
4.810525,7,879.341322,True,True,0.0002502622214569823,9.66276498639308
7.025207,12,880.905761,True,True,0.0032658324509361293,4.409548496985282
-41.097014,60,902.761339,False,True,0.008321540039354026,22.186045390400924
3.421311,8,908.764093,True,True,0.00036509500773555543,10.737490922164783
-35.079853,60,947.18374,False,True,0.0065891997559042745,18.83686585759851
7.624541,4,951.004722,True,True,0.00042636283895869983,5.02491826861986
4.002211,5,955.97382,True,True,0.004557755180157042,9.9415054708891
1.353687,4,958.561507,True,True,9.260179366346166e-05,14.922964728248886
7.588842,1,959.79143,True,True,0.0012760012273790944,4.195098161047328
5.694025,1,961.232582,True,True,0.002337945430020269,7.616640853434184
1.977319,9,963.378879,True,True,0.004337703087748665,12.068310811378984
4.951139,8,964.765162,True,True,0.0046774118037572615,6.953124771816154
-2.610188,28,967.601749,True,True,0.007007850561174137,13.960511730598492
5.110865,7,970.125968,True,True,0.007527602120707792,6.882375574550244
6.420704,4,972.67291,True,True,0.004768226718109642,6.3602210358296905
6.880259,9,978.888591,True,True,0.0008173578590955789,3.5977632224404084
4.937535,1,980.137611,True,True,0.0040754576844849195,8.983086075451347
0.605861,1,981.459812,True,True,0.004326532713904959,16.794594510969663
-3.541355,27,992.087268,True,True,0.00646395531389743,13.921973373128555
2.775771,4,994.438163,True,True,0.004712149940535136,12.13785623216193
6.955756,1,995.57893,True,True,0.0032945108116262493,5.340231923230685
4.563082,2,996.852178,True,True,0.008924988342104177,8.294149563764996
-16.821188,60,1032.21226,False,True,0.02859110702553965,25.985675903346205
6.013282,2,1035.107964,True,True,0.0039041879012314436,7.058219915621748
1.260244,2,1038.037508,True,True,7.068535556277932e-05,15.31111402091688
8.560526,5,1039.43707,True,True,9.570138522739871e-05,1.612569305768566
-0.953839,24,1046.294599,True,True,0.009422181651432915,9.155529309470618
4.226203,2,1047.616379,True,True,5.486245166872253e-05,10.329441403667857
6.738714,12,1051.463596,True,True,1.146529585113222e-07,4.289152351667368
4.483455,2,1052.753587,True,True,0.002439731176220058,9.70299840921438
4.017677,1,1054.041587,True,True,0.00030183924001166325,10.639643937717347
6.051956,10,1057.901856,True,True,0.0024271598622531056,7.5108268066058885
5.51132,2,1060.187475,True,True,1.4085994569327121e-05,7.403562812757614
5.378266,3,1062.800559,True,True,0.0008543201107017355,6.551693479108121
-16.501882,60,1095.953146,False,True,0.0188625325252878,20.395448272383703
4.360553,10,1100.654001,True,True,0.00018952468778451104,6.443310168459733
6.812951,2,1101.912276,True,True,5.681242030049216e-07,4.136407240946067
4.836312,5,1104.49652,True,True,0.004605751386765545,8.05143753060245
7.06352,1,1105.752634,True,True,0.0036398415825896315,5.144540203313786
-41.413838,60,1127.286996,False,True,0.019560903237082705,35.447423870727256
5.16922,3,1129.7053,True,True,0.0033939446134250064,8.368972655003269
2.941312,8,1136.796503,True,True,0.0019273083227902676,11.058392601381483
-36.551918,60,1183.673558,False,True,0.00042032878166265797,41.40605985464354
3.647455,1,1184.823668,True,True,1.1391776758018501e-10,11.307286245958323
7.178245,1,1186.029558,True,True,7.621153912144765e-05,4.9350337873099965
4.989703,1,1187.400181,True,True,4.65490418449676e-05,8.885637390177985
3.218106,4,1189.820662,True,True,0.0030060069060694194,11.864578219296689
5.519821,4,1192.373186,True,True,0.004691281361860929,5.140485192100053
1.721096,5,1195.059512,True,True,0.008036720977976041,13.56986829458455
-25.46088,60,1227.342677,False,True,0.02427706911964478,17.989779551286663
1.543609,1,1228.58,True,True,0.004920476582258593,15.103656062028223
7.105793,3,1231.418007,True,True,0.007013667970125761,3.1109283488829265
7.766167,1,1232.747084,True,True,1.4573161545480481e-05,3.8734435139623407
9.605744,1,1233.942144,True,True,1.390703946305312e-05,0.5499477511696899
-13.279417,26,1245.942982,True,True,0.0049955775729249585,8.240910282328716
4.404398,3,1247.197529,True,True,0.004675156458223096,9.351106490208924
-14.136623,60,1281.018188,False,True,0.02667014527988999,34.09320712334579
6.532486,2,1282.421575,True,True,0.0012121712646769797,5.2917395640783
0.163367,5,1284.979812,True,True,0.007218579076382385,17.32644724118538
1.677623,5,1289.03817,True,True,0.005121315304506935,14.067717292082767
8.232843,4,1291.748113,True,True,7.281426690664678e-05,3.692751561224448
7.115381,4,1294.326542,True,True,9.259214618240891e-07,4.201976481155657
-16.170344,28,1320.57031,True,True,0.004966283728653642,17.90159705967764
-0.528839,6,1328.126268,True,True,0.004837583778057422,17.590518455526784
5.175692,12,1335.880589,True,True,0.0048352103202995555,6.308533741252857
1.281805,3,1337.293829,True,True,0.004376514643460593,14.514915360533113
8.282957,6,1340.98734,True,True,0.009468246488815748,1.835567902800894
6.848524,3,1342.289829,True,True,0.0006041995209020718,5.150800414940601
0.760027,5,1346.150801,True,True,0.001880581392349855,15.248223820931393
4.249935,4,1348.945207,True,True,0.0023276597862505605,9.3089374052758
3.817208,2,1350.253589,True,True,0.0004128184127222168,11.170451368157067
0.168646,2,1352.73913,True,True,0.009140881944833423,17.1194024281205
6.644853,2,1354.063377,True,True,4.766037791293157e-05,6.5038973976508885
-0.28435,7,1357.881085,True,True,0.0010367670897167471,17.744538105530864
4.110522,1,1359.246678,True,True,0.0005369515865095353,10.472327582995774
7.485375,1,1360.554999,True,True,3.7165645724358994e-05,4.380563878716431
2.889713,1,1361.859171,True,True,0.002188518468115538,12.675550340271558
5.318545,1,1363.161402,True,True,2.6009609623518564e-06,8.292176348411154
8.13043,1,1364.330863,True,True,0.0011736521992490355,3.2169005475732657
2.911287,4,1368.489681,True,True,0.001659896185801004,12.247053301001674
4.951759,5,1371.334298,True,True,0.004761750855674115,7.174170013257292
2.616698,6,1375.33742,True,True,0.006501210810492169,10.594775457521825
4.896303,2,1376.693577,True,True,0.005140148300146265,8.835461615828816
5.951962,5,1381.714223,True,True,1.0275539267768589e-05,6.699465687522791
-22.713321,30,1395.276965,True,True,0.0016313076511846325,13.219331188354982
1.626302,5,1397.819839,True,True,7.898022431525006e-05,13.281996210846625
8.175763,1,1399.006706,True,True,0.005626893665992659,3.1400317048044286
6.828517,1,1400.371345,True,True,0.005148646167071548,5.571698486136409
6.446562,2,1403.018893,True,True,0.00023874898629603833,5.664352378827554
-19.054329,41,1432.158408,True,True,0.0036502162832393577,17.872968952257025
7.580112,2,1433.472461,True,True,0.009331552553618758,4.786459995230893
-24.025864,60,1455.081988,False,True,0.017961439237736822,14.981618556679864
3.283652,4,1456.486067,True,True,0.007084813549469802,11.976891855992386
4.804429,2,1457.68449,True,True,0.0002979143166045063,8.862992182249153
1.938363,6,1461.635614,True,True,0.0002961074216059035,14.362882989504113
8.270059,2,1463.002945,True,True,0.0002273168394441274,3.395355482431725
4.226263,4,1465.520957,True,True,0.0048111723961049195,11.242088118655618
5.181517,2,1467.976634,True,True,0.0001366209398281728,8.498887107374587
3.589649,1,1469.432612,True,True,0.004359870262510094,11.414664352191489
4.165115,3,1471.961113,True,True,0.0032404192653384505,10.117450949146969
7.158404,3,1475.906277,True,True,0.004295612960142796,4.218031036777782
7.188377,1,1477.277222,True,True,0.00015758855646274064,4.917003182885812
3.676944,1,1478.581717,True,True,0.008184245603552845,11.259749364358257
6.986627,4,1482.582139,True,True,1.4154414451350572e-06,4.2547247605197995
2.37087,2,1485.086239,True,True,4.010737922333085e-12,13.422263357857844
3.387525,3,1487.610095,True,True,0.0010091859630966898,8.704887398167982
2.186338,3,1490.229967,True,True,0.00019651844331673458,13.786862583773843
1.210602,2,1491.509868,True,True,0.00478300582657186,15.588075795497558
7.343583,1,1492.768344,True,True,1.0391701531914377e-07,4.636572983994503
5.610717,2,1494.09916,True,True,0.004653408246886449,7.521579582883015
2.714008,2,1495.357203,True,True,0.000701602161351296,9.809958726142002
2.683592,1,1496.641816,True,True,0.004851745780330584,13.048949872697298
5.159724,1,1498.02643,True,True,9.740241877778492e-06,8.57879466290164
7.709502,2,1500.746385,True,True,7.00417356370997e-08,3.607236637868408
6.501805,1,1502.017655,True,True,0.004343511596434409,6.160624417777554
4.240388,11,1509.385975,True,True,9.305360835646162e-05,10.05914724053467
4.81707,3,1512.012488,True,True,0.0009497423707469678,9.091223700305052
6.619288,1,1513.475163,True,True,0.006546344526232529,5.950599761078645
5.094367,1,1514.653187,True,True,0.00034511285060485723,8.697027394675876
2.775204,2,1515.99822,True,True,0.0034141833803227294,12.760616753364184
5.60925,4,1517.331265,True,True,0.002528410984099105,7.103981803796434
0.135296,2,1518.591135,True,True,0.006112658318295307,17.487629855741307
9.907486,1,1519.77361,True,True,8.601317017832566e-08,0.00410260056178281
1.151605,2,1521.036196,True,True,0.009363105921832083,15.795758545415046
9.316102,2,1523.401731,True,True,0.0015747572458962664,1.5513800567529836
6.254085,2,1526.091815,True,True,0.0044472035993657595,5.580646347316296
6.467446,2,1528.886757,True,True,0.0001337700364417672,6.077755342961794
8.253676,3,1531.217409,True,True,0.0044392889799230355,4.378996517023716
3.0439,2,1533.699074,True,True,3.7964546350383044e-10,12.270456355287868
6.531786,1,1535.052379,True,True,0.0047832376975710765,6.106920132296746
6.045921,10,1539.134677,True,True,0.002424914038562461,4.695756200744463
-0.342766,3,1540.516697,True,True,0.00377181393941487,16.211863854652247
4.018704,1,1541.706085,True,True,1.1713740953878116e-06,10.637557035838226
9.470457,1,1542.86304,True,True,0.009532534881549022,0.8064018722531048
-0.817075,11,1550.463938,True,True,0.0007456676207299694,15.748276441028514
3.305244,3,1551.809417,True,True,0.0022207444190427608,12.010210923726298
7.134901,2,1554.311518,True,True,0.005130362616817553,4.4018959632170676
9.594474,1,1555.582767,True,True,0.00328344664259636,0.5747407776997049
3.16076,2,1556.88903,True,True,0.00252328551973657,12.022029653833028
9.749392,2,1559.184334,True,True,0.0037704462631178983,0.13782974786183128
5.102419,2,1561.912575,True,True,0.00491703488758757,8.664499981944152
-10.275369,37,1577.877573,True,True,0.0007412106507266487,17.927172575393968
1.627485,2,1580.487354,True,True,0.0021840350575575047,14.831285021967524
-2.919553,7,1584.263637,True,True,0.004718282812581039,15.862179758361753
1.275318,11,1589.179721,True,True,0.011968854650062404,6.258715808337836
1.149768,2,1590.592745,True,True,0.003327138379289108,15.6089865379529
6.63839,1,1591.842227,True,True,0.006388496836088437,5.915986011527694
5.158474,1,1593.142014,True,True,0.004714813798218806,8.584985395932176
7.989167,3,1595.783348,True,True,0.004839106297617286,3.0525254692005097
4.212164,1,1597.059555,True,True,1.4920882161761906e-08,10.288533449513986
6.475212,2,1598.389285,True,True,0.004736561249088416,5.8766295184033925
7.556872,3,1599.708608,True,True,3.812256667941566e-05,3.955682486066508
6.957655,1,1601.080558,True,True,4.601279213929492e-05,5.333477472236089
10.420995,2,1603.546666,True,True,0.004193480798927847,1.0242232969006608
2.582717,8,1607.369228,True,True,0.0025053563924608323,11.92219185747525
4.224062,1,1608.696595,True,True,0.005037237285515644,10.270872345156409
9.803142,2,1610.111955,True,True,4.147547500167083e-06,0.030613100713103265
1.619077,9,1620.059555,True,True,0.000304135359665364,12.308990426744062
7.05483,8,1626.699643,True,True,0.002309527453176725,3.5402457614004517
7.282003,2,1628.036089,True,True,1.4206494414496573e-06,4.597318967151683
6.697098,2,1629.411128,True,True,0.0022019762689467186,5.024580184414994
9.824841,1,1630.723247,True,True,7.31424155430043e-05,0.15403290306775155
2.102893,1,1632.012414,True,True,0.005053421203643637,14.096131726363927
6.255714,9,1634.646149,True,True,0.0100866850168361,3.3098266478622658
0.585243,10,1643.765402,True,True,0.002765281920825617,14.831341222796125
2.422349,1,1645.353843,True,True,0.001017654205281173,13.517637924541658
2.881191,6,1648.001247,True,True,0.00020558273115137832,11.907618852806538
9.47749,2,1649.235433,True,True,1.2079132694943484e-08,0.5661699199824962
6.510105,1,1650.44298,True,True,1.1291138465830894e-06,6.141444145383667
9.118147,1,1651.671478,True,True,0.005460675425175846,1.4379653005228596
6.633466,1,1652.948358,True,True,0.008896387586010739,5.927072567242799
0.307649,3,1655.522107,True,True,0.004374124489042434,16.55029050425327
9.828457,1,1656.760237,True,True,1.426801888874344e-05,0.1474135027573279
5.395762,2,1658.051825,True,True,5.8663554283701e-06,8.16987155132088
-0.198106,4,1662.255674,True,True,0.009590519321707416,17.21839220993693
3.498205,1,1663.887773,True,True,1.4600935738240395e-10,11.57651659037157
6.919139,1,1665.098697,True,True,3.155577067686516e-06,5.402973069377635
8.415706,4,1669.381356,True,True,0.000757825186608131,5.583916222432463
6.506608,2,1672.353462,True,True,0.004819994290071282,6.677362408782942
0.525808,5,1677.39263,True,True,0.004583232379118178,16.2147878258796
1.223244,4,1681.008596,True,True,0.007196150267863879,16.148393084077558
2.539799,2,1684.068987,True,True,0.00022544738564889578,13.387808772741888
3.205247,2,1685.669941,True,True,0.0020415112363709395,11.68675864310431
4.089048,1,1687.16069,True,True,5.1468741372815395e-05,10.51068979797257
3.874375,1,1688.42223,True,True,1.6297729519442437e-05,10.897944489557254
7.078118,5,1693.926706,True,True,0.001471122997704779,5.5927558765470256
2.752456,1,1695.673454,True,True,0.002300126433617801,12.923156997151011
-0.64139,3,1699.349109,True,True,0.00023109349585941758,17.959630385896833
1.07319,5,1705.692703,True,True,0.007676033466208307,15.660163426425274
9.023747,1,1707.080438,True,True,0.002516389846645188,1.604892684934902
5.472203,1,1708.925798,True,True,0.0046817847642900996,8.018914626986989
8.119172,3,1715.796182,True,True,9.167749386347276e-05,4.401234485968035
8.828362,6,1727.201913,True,True,0.005496334415217999,1.9377348775888545
8.790589,1,1729.841883,True,True,0.0015772424396963448,2.0249278660089405
5.339268,1,1731.778427,True,True,0.001478144094826897,8.256077446257965
5.491036,2,1736.258354,True,True,0.0050844786643716436,7.914167422551809
4.812195,3,1740.512288,True,True,0.0023964525530519405,7.876625280511464
6.210213,3,1745.446891,True,True,0.004948479579495677,5.723313701291785
7.909759,4,1752.213618,True,True,1.8411530368010954e-05,3.3563283150762295
-2.335984,11,1773.291377,True,True,0.007126377545285735,12.488516238782529
7.03471,5,1778.942839,True,True,1.8579247358609628e-05,4.60708983892813
1.666037,6,1786.006472,True,True,0.0029115680471075347,14.189476177710512
7.551519,1,1788.455929,True,True,0.004790843978543329,4.266224566636008
1.786006,6,1801.254456,True,True,0.007012277726812987,14.482687170133428
6.337267,3,1803.731046,True,True,0.00038180223320348136,4.616320901947005
1.808508,1,1805.847034,True,True,0.00013363174397115762,14.624017394019859
5.908391,1,1807.432473,True,True,3.4600089315354673e-05,7.227645470078299
-1.06132,6,1816.89282,True,True,0.0005336980628595552,15.080595500639042
2.101536,4,1822.872555,True,True,0.00017632975302992295,10.629359118769639
8.660705,1,1824.601668,True,True,0.0021252508874439902,2.2602293331935823
6.794552,1,1826.362891,True,True,0.004894324148716829,5.632763387812379
6.737179,1,1828.12679,True,True,1.755270750238892e-07,5.73118428745649
9.703577,1,1829.990579,True,True,3.517985370407248e-05,0.3731580547347387
3.982601,1,1832.463578,True,True,0.0031348891573898937,10.705041718776986
-9.393715,8,1843.222361,True,True,0.006654291429346062,16.454926825733715
9.646571,1,1845.717293,True,True,0.00028830077312302395,0.47654426869481187
-14.777214,26,1882.359315,True,True,0.009337529638071232,17.896002368615633
1.131467,1,1884.321734,True,True,0.0013460066847644774,15.84547944009402
5.257252,5,1889.792879,True,True,7.380087132099686e-07,7.507165853484943
1.472854,1,1891.260172,True,True,0.00010797946218586815,15.22924114458318
5.333822,2,1894.335782,True,True,0.002327619846439728,8.133486536878898
8.16766,1,1896.691262,True,True,1.210072499840606e-05,3.139589459333868
8.40642,1,1898.760553,True,True,0.0008926696612787128,2.718063367705185
-7.664947,54,1947.19417,True,True,0.011980113547230047,3.33558817442433
-29.141877,60,2000.926035,False,True,0.0050537587144516335,2.3882505612539204
-11.794456,27,2024.392193,True,True,0.004627927730310019,7.226230421402801
6.546484,1,2025.951084,True,True,4.4055775455388146e-06,6.075771286120757
3.44001,6,2033.124833,True,True,0.0023229373309507475,10.248259255173515
5.197998,4,2038.656613,True,True,0.0028242415861009897,7.114751560265421
3.512367,1,2040.359793,True,True,0.00039965507536097664,11.551263815494572
-22.239439,40,2069.784667,True,True,0.007259990940067508,13.714573992306912
8.395462,1,2071.079022,True,True,2.946789186453365e-06,2.736769316042818
2.114235,2,2073.670163,True,True,0.001142176489872377,14.10837720027855
6.382083,1,2075.378528,True,True,0.0034541880312408527,6.375880493850659
7.482627,1,2076.553359,True,True,0.0046839840120988996,4.39048892599946
3.118648,4,2080.658374,True,True,0.008376110257159466,11.482104443143502
9.390857,1,2082.289781,True,True,3.8481942842526207e-07,0.938282596968096
0.704522,6,2087.843924,True,True,0.0039053577613103073,14.852035312815337
-37.183357,60,2122.026749,False,True,0.017689171176098695,34.9168629671739
9.180964,1,2123.365079,True,True,0.006559930206398619,1.325804970666774
5.056498,4,2124.646937,True,True,1.0280294864342676e-07,10.85504757455751
2.815957,8,2132.070718,True,True,0.0006467991125527518,11.595434221478577
2.903742,2,2133.377862,True,True,0.0046140668010693844,11.700889397883023
0.682045,1,2134.683831,True,True,0.004343357334440006,16.65727306719417
5.856643,14,2143.046315,True,True,0.0060192629693263285,7.9419041345297225
4.481472,7,2150.161127,True,True,0.00477550107280094,8.204987971306759
-26.145867,60,2178.581198,False,True,0.01971364732609728,43.28809612810854
9.4513,1,2180.110589,True,True,0.00035783108098897494,0.8295417286190996
7.596904,2,2181.363357,True,True,0.0026440814497757023,4.086944171854841
3.220319,4,2185.410517,True,True,0.004478816433544312,11.289623796231359
7.876177,2,2188.155738,True,True,0.004517879199544461,3.3874921216387244
5.162173,2,2190.832463,True,True,0.0057166709309061795,8.449524883308486
3.618418,2,2193.661317,True,True,5.34585663930498e-10,11.231932245068727
4.664763,1,2195.110121,True,True,0.004110184154213683,9.475212859850659
7.252567,1,2196.420254,True,True,0.0015714700767179234,4.80261475540235
7.027755,5,2200.500093,True,True,0.004859075547393487,4.831361781486908
2.099641,4,2202.164598,True,True,0.006209101913763748,11.865167003978362
2.313705,7,2204.949114,True,True,0.002405086959672026,11.792194648423996
8.62467,1,2206.235808,True,True,0.00019610375192543033,2.322942101863435
2.965261,2,2207.520872,True,True,0.0026892626530604785,12.471162368764261
3.475826,2,2209.075294,True,True,0.004994075464512445,11.225467057637449
7.03566,4,2213.159993,True,True,0.0042896111734109805,4.3552831703467
6.203084,4,2215.81636,True,True,0.00497263752813422,6.247483970240795
-2.60153,39,2244.142692,True,True,0.00652396738273538,11.026745533577719
2.361776,2,2247.058775,True,True,0.0003211452377719229,12.156280700635135
2.930813,3,2250.956109,True,True,0.0053454993991355615,12.442043243631844
1.583298,7,2256.891228,True,True,0.0038553445194466143,10.644786244890234
8.3843,2,2259.720203,True,True,0.0002953463360326181,2.142043956909186
2.733679,1,2261.045198,True,True,3.843766753683451e-05,12.955519111250975
5.860213,3,2264.337325,True,True,0.004544862707542457,6.734258687850451
5.873557,1,2265.622174,True,True,0.004769165843171798,7.29478269831727
3.492963,3,2267.361557,True,True,0.002975119949906721,11.214993960416654
8.934847,1,2268.859391,True,True,0.0008219042371838499,1.7609282502688888
6.884587,1,2270.218534,True,True,0.00378825742316083,5.469186788962085
2.286513,2,2271.404322,True,True,0.002102082880374981,13.510560010113817
2.020025,5,2277.49703,True,True,0.0015332379489457464,13.409698149654385
-21.526661,60,2319.162407,False,True,0.03796073893193901,26.53381844751132
9.354456,8,2326.846814,True,True,0.0025329064010443077,1.0941944960660202
4.014582,1,2328.141772,True,True,0.004733231138294373,10.648502039561171
2.829365,3,2331.868693,True,True,0.0037178037475215624,11.351462197711852
4.185602,2,2333.136962,True,True,0.002297249029277501,10.334054888075178
4.495729,1,2334.420245,True,True,0.0013060430546800172,9.777973985564246
3.812025,1,2335.659065,True,True,0.00015259667799731808,11.010527471992548
-29.088745,60,2368.481706,False,True,0.016743118761141963,31.577182956066892
2.317222,2,2369.810514,True,True,0.0019237647589380753,13.58613985395109
9.301298,2,2372.559501,True,True,6.2274454915804e-07,2.7420742265787235
7.34938,2,2373.843412,True,True,0.0018508974159993294,3.157533522647116
9.906929,1,2375.19476,True,True,2.4700172610789273e-06,0.005554769711676252
4.976379,1,2377.091304,True,True,0.009690943216361193,8.917210916477472
4.986639,2,2379.77045,True,True,0.00471272689657952,8.765351443347667
7.994975,2,2382.43641,True,True,0.004316662545142036,3.593126807472894
8.813489,3,2388.56432,True,True,0.004425626476505089,1.6851097634854577
7.48697,1,2391.217819,True,True,0.00474464703316611,4.382709345746031
1.084918,1,2393.204371,True,True,0.007776534967767119,15.932756781417664
7.743892,2,2395.016325,True,True,2.5763292764383744e-05,4.234184269867335
2.356243,11,2402.739254,True,True,0.00949988755517022,10.695885818292288
2.036993,1,2405.905799,True,True,0.003913632380342509,14.214292024047785
6.440661,1,2408.208988,True,True,0.005505599502190027,6.27203515161115
-2.829679,11,2423.355333,True,True,0.007808025147567172,4.69066441080997
2.616575,2,2427.457936,True,True,0.005178404544018113,12.944952804627931
3.110988,1,2430.117686,True,True,0.009546867342039737,12.280051071347831
7.354803,3,2432.734598,True,True,0.0031583695922220347,4.647639156021586
7.263307,1,2434.523342,True,True,0.0001856372072775352,4.7817340229850025
3.81714,3,2436.389902,True,True,0.0017230933818734788,10.524805738812452
5.144343,2,2440.104124,True,True,0.00023138377996864343,6.935956515968273
3.351847,1,2441.85006,True,True,5.448571455124451e-11,11.840520454806752
2.320436,2,2445.625216,True,True,0.004886532823810986,13.452179316057165
9.552107,1,2447.839662,True,True,6.13215029384058e-07,0.6468674101409629
9.297202,1,2449.883411,True,True,1.618740984843034e-06,1.1075321905117972
3.894709,1,2452.121094,True,True,0.0023674747756238694,10.863023983535761
-18.448303,45,2504.120438,True,True,0.007522070823011917,10.664128435168458
5.237307,3,2508.296643,True,True,0.00016555383442157755,7.027473356476446
5.969921,2,2510.294033,True,True,0.008617496026122048,6.971111439256361
8.338589,2,2511.635068,True,True,0.004804732672782017,1.8369665542430953
5.021174,3,2513.11538,True,True,2.544583759460199e-07,8.306444331633069
6.24944,3,2516.044827,True,True,0.004602425558806866,6.915636313545507
9.686096,2,2517.483866,True,True,4.894509925701743e-05,0.24318940742641715
-41.260173,60,2541.984446,False,True,0.009555981042579601,34.34885272809972
-8.409621,14,2556.420783,True,True,0.0008420752932084196,17.29591617769456
3.250003,2,2559.208021,True,True,0.0021304408858147973,11.342568238274957
1.730974,3,2560.63028,True,True,0.0009086771164657627,11.368390832739811
-31.40621,60,2579.957407,False,True,0.011919225093240454,24.408162984731256
9.757141,4,2581.224676,True,True,0.002515261520396792,3.069305459802542
9.724758,1,2582.500976,True,True,0.0017642496748725926,0.33728280667964977
3.347834,4,2583.681758,True,True,0.0025689595530117623,11.358339926144268
2.247287,4,2588.365971,True,True,0.004723468962509545,13.298980204141609
9.61111,1,2590.071892,True,True,0.0001559953829280451,0.5404474501331131
9.800142,1,2591.851458,True,True,1.0473854779850626e-05,0.19858547100085824
6.062513,1,2593.097455,True,True,5.6370324426291635e-06,6.949426648277203
4.652072,1,2594.31846,True,True,0.005272464358268527,9.498985799371546
4.737905,1,2595.411777,True,True,0.009376229909297259,9.347118623820121
5.245666,1,2596.635005,True,True,0.002492650680621934,8.425845890773598
9.907326,1,2597.861698,True,True,1.1004896584778864e-05,0.0048488881217946716
7.829808,4,2599.095643,True,True,0.0024198430008747366,3.398980433735624
7.529372,2,2600.195748,True,True,3.174138176596458e-05,3.0238856329036685
6.605114,3,2602.183447,True,True,0.004710657697423378,5.0023858780694095
2.745591,3,2603.422698,True,True,0.004573202806983949,12.006909366992135
5.769419,1,2604.670555,True,True,0.0001555786521785594,7.478591400492222
6.126525,1,2605.81658,True,True,0.002596808090932906,6.836330258258917
2.717277,4,2607.079718,True,True,5.171906009232216e-05,11.951257767237482
2.480592,3,2608.352364,True,True,0.002452316212542115,12.731002837683599
1.39302,2,2610.084042,True,True,0.006093513693100058,14.981834560163762
5.053997,1,2611.255416,True,True,0.000982014500219358,8.770420497534337
-39.232395,60,2649.25888,False,True,0.007283402915846506,17.72462012904865
8.503923,1,2650.418529,True,True,0.0022136312231896887,2.543531233476762
6.133426,1,2651.585143,True,True,0.003810488673218178,6.824979175367639
-32.702055,60,2689.307377,False,True,0.01098434481668497,40.6145216857934
1.118875,8,2693.496241,True,True,0.006145301590285583,15.005484472213269
2.547381,2,2694.694497,True,True,0.009521953818765517,13.348019125426502
6.801003,1,2695.92766,True,True,0.004713787125454386,5.620948230203553
0.718399,8,2699.66453,True,True,0.0005883751774318369,15.357611698863336
0.326139,1,2700.794161,True,True,0.0002234484505027525,17.296746596032264
3.560048,1,2702.031715,True,True,0.0024729280919835754,11.466747430286745
3.061814,7,2709.446939,True,True,0.009964737671785313,12.65741187273928
6.26617,1,2711.106278,True,True,0.004767082388404501,6.586276182723962
3.62126,2,2714.361999,True,True,1.4837891559957989e-10,11.226793084084536
5.242265,2,2717.086653,True,True,6.577804148658831e-05,7.910378985356063
7.399568,3,2721.089883,True,True,2.897241447134824e-07,4.18552081821503
7.030839,4,2725.042593,True,True,0.0001225246306503394,5.213660275701652
2.119165,8,2733.246727,True,True,0.006816060233193234,12.774284862945178
2.411578,2,2736.253107,True,True,0.0075935641363999535,13.55413465593666
-20.831597,60,2764.931904,False,True,0.004886430173002914,7.484778089141906
1.424082,1,2766.14384,True,True,0.0061663197408057145,15.320550402267877
1.748113,3,2768.483377,True,True,0.004855473090125061,13.359307637447992
8.718679,7,2778.492017,True,True,0.00010339482380631801,1.7459182904046635
2.782598,2,2779.709817,True,True,0.00027778200168227874,12.45125619596717
5.27114,2,2781.994146,True,True,0.008669859176743963,7.208713111915926
4.263897,7,2787.24016,True,True,0.0009043833289897711,9.361978830559117
8.914902,1,2788.440672,True,True,5.513862307449796e-07,1.7983296275603802
8.199381,4,2790.326666,True,True,0.003026468406689317,1.8075903635782689
0.274578,7,2794.634284,True,True,3.197945297300688e-05,12.85465219885378
1.771714,5,2799.577614,True,True,0.0050077371675455095,11.725246736716494
6.667083,1,2801.289832,True,True,0.005165086842185342,5.860351225065733
3.733266,8,2811.315084,True,True,0.0048504596353973126,8.607078577700689
1.853945,2,2813.660701,True,True,3.01406689922918e-07,13.822425294181324
1.057503,1,2815.382796,True,True,0.00983075834000629,15.983154681975256
8.106456,2,2818.191987,True,True,0.0019345795858297238,3.412573542946914
3.084114,6,2823.556064,True,True,0.0032819486213043047,11.761545358716686
8.359212,1,2824.76739,True,True,0.003869752290530059,2.806819396275092
8.842969,1,2826.474076,True,True,0.00018523821412513332,1.9285345737450983
6.679724,1,2827.563377,True,True,1.1059941710017153e-05,5.83523342076367
7.489277,3,2828.761416,True,True,0.002331086787813959,4.143101516159553
8.549642,2,2829.913493,True,True,8.204727925560477e-06,2.304735055375764
6.074773,1,2831.024771,True,True,0.0003223655030264857,6.9276010278221065
3.192778,2,2832.202987,True,True,0.00022292941137902044,12.4063132884566
8.364023,1,2834.026165,True,True,0.0024531854351762823,2.796498511751335
3.572812,1,2835.140947,True,True,5.652175949499849e-10,11.441935466440908
1.819305,4,2837.589559,True,True,4.3056093722716304e-07,12.197225117028504
0.156909,3,2841.606235,True,True,0.004486391819032827,17.227348821871285
4.815884,1,2843.242433,True,True,0.004373537012516235,9.202786909535906
6.394783,5,2850.846956,True,True,0.0003804138323471734,5.8564594469306
9.430234,2,2855.049327,True,True,0.004373582393453188,0.7190444247187628
5.675287,1,2856.573539,True,True,0.004865959733248744,7.652632124038837
9.388989,4,2859.8407,True,True,4.484775538018265e-06,0.7155006260697674
-26.728734,60,2891.72596,False,True,0.0144253809272784,26.288185417988533
7.393184,1,2893.75642,True,True,0.004840160104518865,4.552118124929189
0.894363,1,2895.403528,True,True,0.0005927853451227344,16.27253860061925
9.800005,1,2896.939255,True,True,0.00015435128576950794,0.199039287889883
2.058452,4,2898.641326,True,True,0.0022622976517394505,13.319623615914784
7.910659,1,2900.529484,True,True,0.0046243931920728065,3.61763152062769
5.750796,1,2902.533504,True,True,0.004310074878505293,7.515910097926789
3.575305,5,2905.101815,True,True,0.002328511393550158,10.031114329815084
4.450144,1,2907.046789,True,True,0.003288051466501219,9.861756796926088
0.706883,7,2909.285152,True,True,0.009424776833727156,15.737342989961453
0.940106,8,2911.296278,True,True,0.004902917487255792,12.063488613179521
3.480725,8,2913.418948,True,True,0.00011212750552900067,9.104686584017854
6.476828,4,2917.424071,True,True,0.0008457946582863876,5.6227785856007015
3.77219,1,2919.395519,True,True,0.002745723115456597,11.084296475791756
2.798286,1,2921.190622,True,True,1.2408477023662101e-12,12.838971178582424
3.245301,1,2922.993929,True,True,3.2311935418971593e-10,12.032704860009284
0.459721,5,2930.642395,True,True,0.00045686996756525745,15.948297708523851
0.262508,1,2932.406011,True,True,0.0008766067029332753,17.411794876300274
6.517756,4,2936.241671,True,True,0.00389954769809436,4.650003057431416
1.3614,4,2939.386668,True,True,0.0002892427747199543,11.482922420117312
-15.376239,29,2975.701009,True,True,0.0075345723318326055,14.110425748685808
0.055494,3,2977.491454,True,True,0.004913803771362551,17.61278958409052
7.477739,1,2979.163964,True,True,5.76899592626013e-05,4.3943770008125105
7.175124,3,2982.355257,True,True,4.938672809098703e-06,4.64998994595294
6.64533,2,2984.169811,True,True,0.0023680229794068516,5.760172832246357
7.525396,2,2986.214634,True,True,9.919796576480589e-05,4.495570717121324
6.692052,6,2993.172961,True,True,0.0019047981505665064,3.9150402402068964
8.304709,1,2995.256683,True,True,0.004511036601823438,2.9059674865068077
2.11868,1,2997.029988,True,True,0.0007097785312315712,14.065057870287918
-0.402858,8,3006.550153,True,True,0.0073384273981500926,10.77261175935906
5.659845,3,3009.477008,True,True,1.81901513931354e-06,7.496983546777888
4.577464,1,3011.19798,True,True,9.010823714571646e-06,9.629453860527592
1.718429,1,3013.009258,True,True,0.0023893113045871973,14.787790569807274
-1.969882,17,3030.75421,True,True,0.0024072880562790496,2.2338919040655205
4.184788,2,3031.960246,True,True,0.004470352090211953,9.997820032634555
2.57014,2,3034.746136,True,True,0.0053315040986114445,13.201938682812939
4.506614,5,3037.239766,True,True,0.00020195255296973687,9.44470345362034
1.901101,2,3039.741678,True,True,0.002805961145069376,14.194579709915986
3.10472,6,3043.346728,True,True,0.004859943284141148,11.646979440021342
2.570979,1,3044.894985,True,True,0.004908662798036071,13.252048180915544
4.064811,2,3046.206032,True,True,0.0023214503427185958,10.428401050386526
5.782381,1,3047.40447,True,True,0.0028419455521662453,7.457635772591204
4.970285,2,3049.214979,True,True,0.00048166626164606284,8.651658529885824
7.124608,1,3050.330864,True,True,0.0015323593871437312,5.032106265627932
6.529073,7,3052.738863,True,True,0.004765586169923105,4.991466392765467
7.681021,2,3055.082757,True,True,2.3871537055629747e-05,3.432162435937129
5.359389,4,3060.91107,True,True,0.004071315853139277,7.2188519606154005
6.077419,6,3066.343858,True,True,0.004224172011533604,7.056604918985799
4.199445,2,3069.224636,True,True,0.005210309025128632,10.187316182210024
2.7541,2,3070.468225,True,True,0.00041027751678093805,12.790583224055977
6.229784,4,3071.753355,True,True,0.0007752925991028007,6.0632102583077785
7.26735,2,3075.250976,True,True,0.00019373230196745826,4.62919434986139
7.741613,1,3076.834578,True,True,1.730651956931284e-06,3.917773271771787
7.353619,1,3078.016838,True,True,2.61781204759547e-05,4.618479371963267
-18.876823,60,3119.512314,False,True,0.014295944867904477,10.462835734751692
3.670643,1,3121.225789,True,True,0.008964799826123238,11.271605431154548
5.913971,2,3123.476789,True,True,0.004758740139312994,4.842067104721125
-0.711894,11,3128.433484,True,True,0.007782356774802838,16.09810876171863
4.423495,3,3133.607939,True,True,1.4369997143545005e-05,8.575250909871947
0.301733,2,3135.293853,True,True,0.0004622909743311537,17.144685248579158
2.595283,2,3138.356302,True,True,0.00017374890333150513,12.677379515699645
6.895362,3,3142.253055,True,True,0.0034435350308152845,4.997334720560255
9.902818,1,3144.006955,True,True,5.856390491559057e-06,0.012989976445140739
2.119549,2,3146.694876,True,True,0.004628848097480081,13.946495876557135
-1.300746,9,3154.50437,True,True,0.0007473767488451223,17.19778699384079
0.515476,4,3156.300627,True,True,0.004877823030571327,13.307482262035991
1.696463,3,3157.445797,True,True,1.2904896942722566e-10,14.020867019566293
7.684782,1,3158.65359,True,True,0.009476535953195213,4.030274470469159
-1.082033,7,3162.76064,True,True,0.0073619431715578314,16.44805940402105
5.195327,3,3166.285234,True,True,1.3905231674646301e-06,7.926145935937152
7.423383,3,3167.516963,True,True,0.002973719125074342,3.7090697861961663
1.030924,19,3170.363585,True,True,0.003377659904180338,2.9894256237258245
8.032326,1,3171.638901,True,True,0.005423577230345458,3.398803743145895
3.568144,9,3179.743861,True,True,0.002795382767361264,10.276038358767572
4.292835,1,3181.454223,True,True,1.4091358982448732e-10,10.142989325768575
7.355715,1,3183.185587,True,True,0.00016453140464057006,4.614847163221666
5.469311,2,3184.858261,True,True,0.0068979134202110355,7.896000136695846
7.543685,2,3187.786651,True,True,0.004744223130686934,5.711143606663169
5.362787,1,3189.614108,True,True,0.005213743032851683,8.21676435935058
-2.930356,25,3214.254633,True,True,0.002168379385599939,4.037479343428658
3.437665,2,3217.069992,True,True,4.682607426809149e-11,11.473998265786227
4.799119,1,3218.279608,True,True,0.0013654183601308836,9.230636467383535
4.049139,3,3221.151581,True,True,0.0025350054336272998,10.322599896611733
4.086773,2,3224.136755,True,True,0.0046176224713964445,9.945682119260233
5.775443,2,3226.36746,True,True,0.004791969673625267,6.940860413162828
6.059516,7,3236.441453,True,True,0.010012845543888123,5.149226577798572
5.373728,1,3238.105331,True,True,0.0002787199600260276,8.19283506516786
2.847585,6,3248.405843,True,True,0.0002603282958662488,12.213798925315707
8.572198,3,3250.218031,True,True,0.004235042097714159,2.2785226257005773
5.675921,1,3251.48421,True,True,0.004942615098079105,7.6515526331775865
8.236184,1,3253.210105,True,True,2.7425242799585317e-05,3.0245188049310796
-7.555403,15,3259.886289,True,True,0.0005963252389606048,10.162755236564722
-2.11894,3,3261.138902,True,True,0.004652846500383836,17.990105064879245
5.856421,3,3262.32152,True,True,0.0017338480937534586,6.115247394168358
1.824239,1,3263.52646,True,True,2.0987674445582805e-10,14.595568594431732
8.267153,1,3264.837108,True,True,6.726319236463954e-06,2.96855319281994
2.377297,12,3267.559584,True,True,0.0032136099438904112,12.133174923756332
6.384019,2,3269.958269,True,True,0.003498303456915673,5.851341787919627
4.654326,2,3271.222403,True,True,0.0067976116423308225,8.127825467996532
6.902896,2,3272.897787,True,True,0.0046248458853807625,3.486940761204574
7.051316,1,3274.596866,True,True,0.0005740453581779999,5.1649271861620285
4.082761,3,3277.404584,True,True,0.009415152755540016,10.282658334271508
3.082517,1,3278.625255,True,True,0.000532899269692003,12.326694616176837
5.65559,2,3279.841899,True,True,2.081827505909413e-06,7.658175457292386
3.648361,1,3281.029051,True,True,1.0866802249709373e-11,11.30565318077183
5.218795,5,3282.351085,True,True,0.011952849468888678,8.006040683760164
7.482025,1,3283.970844,True,True,7.465932062980518e-06,4.386579809717767
3.548932,1,3285.484596,True,True,8.499781503634729e-10,11.485012026117193
2.411483,2,3287.972311,True,True,0.007568827643527634,13.422644332488453
3.286886,1,3289.161973,True,True,0.0034320594040536043,11.960082636748375
0.175631,1,3290.8246,True,True,0.00030307390274856953,17.568111622902276
4.293054,3,3292.461181,True,True,0.004850144481044123,10.383145352016632
1.977458,3,3294.773775,True,True,0.0009800944086444923,14.32303282250663
3.382558,3,3297.111447,True,True,2.8829478752061613e-05,11.765612105233647
5.76907,1,3298.294665,True,True,2.8349120907945544e-06,7.479078363707671
8.347528,1,3300.083652,True,True,0.002491696540030067,2.8263355428745403
9.240565,2,3301.317832,True,True,0.0003606217541085501,1.0525095996280514
1.682345,2,3302.994202,True,True,0.005910996081491768,14.71612993302014
2.481198,4,3304.267411,True,True,0.003943715120394318,9.75098773475077
2.030385,3,3305.651203,True,True,0.007759012145825722,13.994519811793866
4.711378,4,3306.864283,True,True,0.00015470943373551045,7.926806553177069
3.574395,1,3308.024806,True,True,0.0002750215914533766,11.439283622475111
4.766553,5,3311.067263,True,True,2.2739240708100072e-07,8.557258847389182
8.136937,2,3313.844692,True,True,0.0013111178883321284,3.0560885261869193
-25.695655,60,3362.380793,False,True,0.02601225846309624,8.866693433492614
4.443808,1,3363.646828,True,True,2.895765474977656e-05,9.870623076545204
6.531062,1,3364.896408,True,True,7.923432175570072e-05,6.103689701292806
0.629342,1,3366.169563,True,True,0.0006253172625359541,16.750351433988076
3.909695,1,3367.498682,True,True,9.786709092261814e-07,10.834214371845583
8.906152,1,3368.747379,True,True,5.6942496638641166e-05,1.814211826340552
8.177663,1,3370.292591,True,True,0.004347430682700962,3.1266103512047865
8.5155,1,3371.890622,True,True,0.001911893938853243,2.5222583701195638
3.322347,2,3374.73183,True,True,0.009534131448459063,12.041270844315415
2.235484,1,3376.354703,True,True,0.003524401891877336,13.85616251423164
8.691053,1,3377.917885,True,True,0.0012075433013342641,2.2018998479744396
8.806731,2,3380.588767,True,True,0.005016424731942643,2.227150381562777
4.106534,1,3382.089299,True,True,0.0023306542238730977,10.48088970146499
4.298546,2,3385.416056,True,True,0.0001023746161264924,8.25807059769017
6.672466,2,3388.658747,True,True,0.008875015530921569,5.723129600950179
0.006427,1,3390.284891,True,True,3.822911785340968e-05,17.8724686928722
7.732002,2,3392.919857,True,True,0.004658853331638323,3.701835537554727
-30.76897,52,3421.138583,True,True,0.004599540136855172,17.245635680946798
1.061203,1,3422.346569,True,True,0.00033710475628529173,15.971594491044913
7.981006,2,3423.692533,True,True,0.0013692908372108558,2.071918619541213
5.936218,2,3426.134574,True,True,0.007950279414026953,7.391571331461377
5.480179,4,3431.657019,True,True,8.003328502835717e-05,9.389458563970333
6.65385,1,3433.236882,True,True,9.611559466313289e-05,5.882032760169621
3.627624,1,3434.928246,True,True,0.00024151076907934395,11.34324037573981
8.489116,1,3436.141527,True,True,0.004916477656870175,2.57340768883855
-24.252382,60,3483.699634,False,True,0.015315763831365358,19.130506553393783
3.409818,2,3486.534476,True,True,8.501204594392838e-05,11.609162673431813
5.691416,4,3491.042622,True,True,0.0023378237196113837,7.5221626358318865
7.205358,2,3494.114002,True,True,0.004731071475779327,3.871178957895194
9.85307,1,3495.826771,True,True,1.14413939073469e-05,0.10291947275782141
7.38493,1,3497.002117,True,True,0.0003095369207313604,4.562251108344797
3.034717,2,3498.300364,True,True,0.0007372017178587133,11.99132465524504
3.768351,4,3503.792945,True,True,0.0023911117741236003,10.710253026488976
-0.023493,2,3506.702366,True,True,0.005399654848984831,17.607451326149057
3.246609,4,3510.658172,True,True,0.007385041675005973,11.690654828895472
8.67372,12,3525.076293,True,True,0.004818509965660064,2.755887381839897
4.789876,2,3526.735831,True,True,0.002798802462582524,9.257601885647864
6.91478,1,3528.473719,True,True,0.00031188556947894927,5.411167102386951
6.098837,6,3533.284204,True,True,0.002401346803433944,4.305010883684356
5.05506,1,3534.933213,True,True,0.004995646408514716,8.771780466111164
4.818852,1,3536.672441,True,True,0.0007413649467490537,9.19451488187384
5.823503,1,3537.900541,True,True,0.0021530804299019143,7.382810896844474
6.317741,1,3539.498044,True,True,0.007709876142762245,6.495776319086852
-26.15137,60,3584.378545,False,True,0.00958382663603194,22.7315454705055
5.224057,2,3586.822386,True,True,2.2164137762782816e-05,8.66982013903957
6.343534,1,3588.09147,True,True,5.830804957543227e-05,6.442201032230524
6.134495,2,3590.686405,True,True,0.0038292776470095547,6.33074750914641
9.824692,1,3592.468101,True,True,2.0601665157216065e-05,0.1542267621805234
6.399493,1,3593.72295,True,True,0.00012338339745679872,6.3412493238582694
4.235078,3,3595.264265,True,True,0.0044810893113632275,10.165838013010829
4.200907,2,3596.708924,True,True,0.0009164436022775137,9.897919690607814
-10.883963,27,3614.720252,True,True,0.004995512430241138,10.415983191945838
-1.61895,4,3617.936268,True,True,0.00020482417164762812,17.200401603456722
1.932657,4,3622.278019,True,True,0.003086578890026727,13.86672891164895
1.667474,1,3624.141153,True,True,0.009603143678540094,14.883551099103105
8.302397,1,3625.455724,True,True,0.004630379949269185,2.910275334055733
4.124421,2,3627.316148,True,True,0.0012808296785659689,10.85320592611263
-32.760895,60,3654.8273,False,True,3.390623955694177e-05,6.322848480619724
9.82494,1,3656.157923,True,True,0.002990556887295168,0.1579092002855776
7.117511,2,3658.868221,True,True,0.00222215788601878,3.6736923324823794
8.569352,1,3660.637388,True,True,6.058453539642449e-06,2.422638340439561
5.411067,3,3664.884313,True,True,0.0033591060271891716,6.736466682768363
-1.978293,2,3667.244729,True,True,0.002780915649243698,17.500531691420132
4.892805,2,3669.669538,True,True,0.00011542747270052714,8.400313860265788
1.720631,1,3671.402441,True,True,0.0012768349824891926,14.783166821081183
4.649475,1,3673.30452,True,True,4.933328964090711e-09,9.499514626027144
-30.06156,60,3715.734899,False,True,0.0018257156806647799,7.905485149451734
0.476607,5,3720.921911,True,True,0.0005855261085849382,16.35794695933264
4.692316,2,3724.627,True,True,0.0025200308685108946,9.12617471427014
2.275215,1,3726.221407,True,True,0.009392332879958129,13.787860039449175
1.34733,5,3732.751088,True,True,0.0007949739226998749,12.708002787929376
10.308723,6,3739.18834,True,True,5.6789508786847086e-05,1.00239175726933
9.803734,1,3740.913541,True,True,7.357074938070659e-06,0.1920897487704258
4.884319,1,3742.952809,True,True,4.907297242173758e-10,9.075761119479196
5.329233,2,3744.69095,True,True,3.5556928434802085e-06,7.828942381183592
5.674398,1,3746.489564,True,True,0.00016641292387898276,7.650099855687817
8.631725,2,3748.198331,True,True,3.7298614414629262e-06,2.4974672031946366
4.598211,1,3749.865798,True,True,6.4965862099641836e-09,9.592013119665358
9.017295,1,3751.662619,True,True,0.005231809679402713,1.6198542364277355
3.661086,1,3753.298584,True,True,4.79650775044374e-10,11.282696952371845
-30.306551,60,3800.022528,False,True,0.011394646607092069,30.084844547057365
8.923728,2,3802.393017,True,True,0.001266323870432116,1.2436404225855469
5.607835,1,3803.60374,True,True,0.00017692681411299684,7.770243319946159
2.983205,2,3806.540209,True,True,0.00014868735018388015,12.380364673491584
3.513351,1,3807.752325,True,True,0.0012455732904614004,11.550102608622607
8.870969,1,3809.621083,True,True,0.0011083333614168855,1.8791274015030646
6.590673,1,3811.187835,True,True,0.0005119158427471767,5.996510368852019
3.954635,1,3812.900579,True,True,0.004419287406640116,10.75640541151441
4.285554,1,3814.105471,True,True,0.004949678784320777,10.159891721702104
3.307905,4,3818.870214,True,True,0.003274383337539939,11.803367541525526
6.665623,1,3820.101711,True,True,0.00023471426640467828,5.860921701608166
5.038828,1,3821.834081,True,True,0.009513074114416858,8.804444252627823
8.410751,1,3823.05475,True,True,0.004381952055303057,2.714324736523027
8.25093,1,3824.219103,True,True,1.67596353830516e-06,2.997851571130948
8.713831,1,3825.982268,True,True,1.7187849190268556e-06,2.161614470847899
7.416582,2,3827.79254,True,True,0.004630022380753621,3.940334675562141
9.715235,6,3829.642262,True,True,0.0022926420017033928,1.2988459980343874
8.407163,1,3830.698519,True,True,7.847256576014837e-05,2.715724915675978
6.465757,1,3831.865474,True,True,0.004692807492371993,6.226005977786061
3.0522,1,3833.113438,True,True,1.8723073785809063e-10,12.381005147340241
3.204711,2,3834.255697,True,True,0.004799537169430039,10.549243136741156
2.500515,1,3835.796013,True,True,0.004517285571376001,13.3788683832602
6.469469,4,3840.782423,True,True,0.004463350386600557,5.499657806624596
9.679709,1,3841.992396,True,True,0.0005938160350734013,0.417080197131558
4.992632,1,3843.183855,True,True,0.0027778222660367682,8.882639999490168
4.817979,2,3844.463099,True,True,0.002332677249960762,8.950078616614505
7.426247,2,3847.27388,True,True,0.0001757401795092848,4.3412884720639235
8.511581,1,3848.97546,True,True,0.0022757269043882098,2.5297726989685136
-29.83835,60,3907.418224,False,True,0.031229508060295237,21.008099076916558
7.94991,1,3909.019387,True,True,0.0047592039213652515,3.5469052573223676
0.906769,5,3911.285266,True,True,0.0020707557171445543,16.326495703493414
6.048715,4,3913.805886,True,True,0.00034782267860738493,5.722570167097742
8.267443,1,3915.630855,True,True,0.008880156502101449,2.9779075785147997
1.344598,1,3917.29038,True,True,0.00029428834030146645,15.46060633463781
7.510019,1,3919.145415,True,True,1.1866877554713058e-06,4.33602042690638
-34.833419,60,3943.533566,False,True,0.01458647048676069,27.734968341099584
4.631706,1,3944.715088,True,True,0.0038807858216661764,9.534672090579381
2.945048,5,3951.612091,True,True,0.003200033956860492,11.929792974919978
1.72915,5,3958.931532,True,True,0.0025252961803910504,12.724074748549612
4.117225,1,3960.77478,True,True,0.00039676396101864103,10.460126108661152
2.543993,3,3964.195494,True,True,0.004889454403994027,12.468186668243392
6.103478,2,3966.974316,True,True,2.359616873583853e-06,6.03920647036473
3.136584,3,3969.760376,True,True,0.0007094695226701488,11.9166819119917
5.324349,3,3974.581411,True,True,0.0002016463900683654,6.690003115242351
0.631685,3,3979.657044,True,True,0.00875716754768647,13.749107692745111
0.434951,1,3980.737466,True,True,0.004918005837202995,17.10296179875488
6.154101,2,3983.687706,True,True,0.008183265540578695,6.659630079690058
5.571031,2,3986.192973,True,True,0.0003124027678963765,6.422549530904063
8.407246,2,3989.059134,True,True,0.004600854832476893,3.2588478682919124
-2.165168,4,3992.155956,True,True,0.010130456619782962,17.35506137031416
4.543081,1,3993.790146,True,True,0.00037165378312744007,9.691787725363964
5.07295,2,3997.325978,True,True,0.00023531239548481558,7.5470118716978565
4.349156,1,3999.147206,True,True,0.0015620539384045978,10.042612466286299
5.957869,2,4000.89541,True,True,0.0025462706095669536,6.989759003666113
8.00797,2,4002.138837,True,True,0.004622385107786942,3.2972862866916373
9.785245,2,4004.611676,True,True,0.0009608473381633514,0.06583940446778794
4.126833,1,4005.83263,True,True,7.395456978623663e-06,10.442487661367041
1.560169,2,4008.439047,True,True,0.0010864198003050704,14.914507765927379
4.060735,16,4020.632588,True,True,0.00012302470957632327,8.045591683858438
1.718616,1,4021.813963,True,True,0.0017604812259486681,14.787086266515095
4.890764,5,4028.294709,True,True,0.004923324129789614,7.397230501720242
7.788575,2,4031.772666,True,True,0.0007547862012857801,3.686099418993999
5.720897,1,4033.486256,True,True,4.589245186557844e-06,7.566027826785025
5.935904,2,4035.848816,True,True,0.001956734197515674,7.224107504397241
-0.915238,4,4039.545323,True,True,0.0019292375444112525,16.317218368428026
6.778357,1,4041.161046,True,True,0.00702878229185864,5.663961079820199
6.301345,1,4042.953291,True,True,0.00010393892485127936,6.518405056294492
8.472436,1,4044.197884,True,True,0.005303277551767868,2.60396306006743
8.388032,1,4045.47946,True,True,0.0045242229948726925,2.75551274330299
8.969531,1,4047.137038,True,True,4.896335667907686e-05,1.6996878255789347
6.942208,1,4048.873616,True,True,5.577913033344125e-06,5.3613244459106095
6.174541,2,4051.758917,True,True,0.0010677309754230624,5.992237050036963
8.164712,4,4055.851196,True,True,0.0011948160087286858,4.996801710919857
8.081665,1,4057.054475,True,True,0.0032533883257658183,3.3073474858052494
0.427072,5,4060.213487,True,True,0.01198459992334688,16.07667770025765
7.210506,3,4061.540135,True,True,0.005298277993665564,4.03070902076331
7.690913,1,4062.754771,True,True,0.003981438115644785,4.013714425491787
2.050331,2,4065.256052,True,True,0.003068141119961851,14.06249221106154
2.185269,5,4070.765471,True,True,0.007202450092736165,11.603087072818889
2.159971,1,4071.900057,True,True,0.009485040553812635,13.995669430616813
8.747662,1,4073.091359,True,True,0.0016556281943625314,2.1025725840630685
3.818554,1,4074.898591,True,True,0.00189743379235016,11.00004983046364
1.094524,4,4079.099542,True,True,0.0031868034612097438,14.747484304904185
4.355861,1,4080.171324,True,True,0.00028656448524675034,10.028715280962556
9.551691,1,4081.932338,True,True,5.761192211161119e-05,0.6476981853414865
2.102709,1,4083.628553,True,True,0.005775916377804823,14.096876522562136
3.465031,2,4086.443357,True,True,0.0045433556281351695,10.7131655583878
2.726431,1,4088.228098,True,True,0.0007297436633831476,12.969057116149216
4.644697,1,4090.00455,True,True,0.005508098227295553,9.511584560704785
0.532768,2,4092.841616,True,True,0.00010816846507082404,16.80697000313946
2.004597,1,4094.529344,True,True,0.0022111140340484985,14.271697103477392
3.408922,1,4096.244661,True,True,3.558991122643018e-10,11.737568824184224
6.858047,1,4097.915588,True,True,0.00012974235286167778,5.513408396095477
-8.556559,29,4127.478506,True,True,0.005622365097961711,13.986749832005376
2.436856,1,4128.654049,True,True,0.008823191829189862,13.496136817258858
6.108677,1,4129.93156,True,True,0.004386300068816122,6.870158921237574
7.862211,1,4131.14448,True,True,0.00011823306461756101,3.7001024675142045
9.083873,3,4133.967477,True,True,0.004630760122597067,1.1953627365959865
8.679132,1,4135.664166,True,True,0.003802459078735018,2.2289500997339844
3.209137,1,4137.295846,True,True,0.0013725289858499056,12.09890215402399
5.959196,2,4138.554756,True,True,0.00015255554558822604,6.997897155815071
6.171432,5,4145.423202,True,True,0.0026382025626077513,4.954474005582374
7.845314,1,4147.192673,True,True,0.004626437106945077,3.7276407744825466
6.54598,4,4151.60941,True,True,0.0023672214041364076,5.702767094183163
0.841882,1,4153.363221,True,True,0.00502195201766335,16.369486530933024
0.867677,1,4155.215942,True,True,0.0045584968310989245,16.322753217039054
2.506812,3,4159.950056,True,True,0.008873062613312884,9.876625212249644
-8.519625,15,4177.91771,True,True,0.005427068115427031,16.870275719068935
7.394928,2,4180.928784,True,True,0.008913169989062287,3.9115822649629277
-5.858762,11,4196.67534,True,True,0.008378972723505625,16.95080487513872
8.505484,1,4197.928095,True,True,0.0003701081177640529,2.5384719830837907
3.283568,2,4200.170856,True,True,0.000765203580793343,11.77382645220522
9.205548,3,4203.72477,True,True,0.00018647113184911725,1.4467266392439944
0.420852,1,4204.929237,True,True,0.004718186642433822,17.128279448345804
6.686974,3,4208.916068,True,True,6.278566212592797e-05,6.9907459392883124
3.152174,8,4220.067561,True,True,0.000254139849824208,10.553129673328275
7.211316,3,4224.309087,True,True,0.003966450308950964,4.178043704940352
6.799184,1,4225.963041,True,True,7.892305131096899e-05,5.619630146952688
4.491216,1,4227.74615,True,True,0.009466562525871728,9.792106683648804
1.354598,2,4231.1616,True,True,0.0030088558009833156,15.153576118860135
6.737724,1,4232.313741,True,True,0.00020814195213116776,5.730723399184867
1.846911,1,4233.814093,True,True,0.0004916136363450098,14.55498921720495
4.607255,2,4236.905102,True,True,0.0009795150997870747,9.683711682059958
6.161218,2,4239.957831,True,True,0.004500883538956581,6.834275520921971
5.573458,1,4241.159054,True,True,7.832154716354896e-06,7.832133163980727
2.582035,5,4249.058531,True,True,0.002508596413452054,11.09338915461336
8.178899,3,4253.619543,True,True,0.0004781894789560442,3.872479901413186
6.958702,2,4256.980886,True,True,3.164117212390563e-05,4.9331703314471955
7.895548,3,4260.9678,True,True,0.008678258985511464,3.8725306974693705
3.398354,1,4262.79911,True,True,3.226304293169058e-11,11.756631173305445
2.8533,1,4264.460584,True,True,0.0030078073530484806,12.74175482077373
9.274538,1,4266.039058,True,True,3.619388466917558e-06,1.1474315551023124
-15.643321,35,4285.001589,True,True,3.0652293888550584e-05,5.664810338387663
5.275955,1,4286.173429,True,True,0.0021571811740138955,8.370906638543113
7.116153,1,4287.447095,True,True,5.27184708595807e-07,5.047246661552086
5.661645,1,4288.923818,True,True,0.00032868959998936945,7.673267451655261
3.470282,1,4290.424031,True,True,0.000437408525958115,11.627204296878677
4.523843,1,4292.020205,True,True,0.0043875566229132565,9.729638218078115
3.14814,3,4293.904483,True,True,0.002840108340969035,11.666541820703982
8.647927,1,4295.973615,True,True,0.004554938421119793,2.28618608921148
9.38512,1,4297.257163,True,True,0.0023357452300196767,0.951771026076383
3.75187,2,4298.589397,True,True,0.0003997444434919416,11.00295875412512
-21.771717,60,4353.786197,False,True,0.01385610751994113,5.1027477737615845
7.154118,1,4355.045096,True,True,0.004768056608728028,4.982772547584922
8.187887,1,4356.870458,True,True,1.8927993310930216e-05,3.1117487719834034
1.080265,1,4358.689261,True,True,0.0005406223389948193,15.937341572813216
7.127933,2,4361.738745,True,True,3.118482761309098e-06,5.045826870824176
2.836679,2,4363.623674,True,True,0.0017943314951185643,12.601976846178752
7.049671,1,4365.454986,True,True,0.0001964384929117914,5.1674951874167645
9.865419,1,4366.730219,True,True,1.804199849175618e-06,0.0805850322674367
-22.962922,60,4429.093263,False,True,0.008145898465117922,25.05323226887091
7.45693,2,4430.464406,True,True,3.0427078060804753e-05,3.6887997966998687
4.519916,8,4437.666631,True,True,0.004797828526270887,7.97419027150123
6.961799,1,4438.898252,True,True,4.1764827789416564e-06,5.325950927924895
2.316512,1,4440.615801,True,True,6.980878548834557e-11,13.707845944390874
6.011967,4,4441.970659,True,True,0.002405503529078157,6.454707641097088
4.843703,1,4443.661228,True,True,0.00829788627436535,9.154428734375742
5.028413,1,4445.54078,True,True,0.006651703213748697,8.82112714688632
-7.889213,18,4462.686678,True,True,0.0007475661997256118,13.286012142458295
-13.082814,16,4477.574238,True,True,0.0002959571608073426,12.645457897365501
0.882281,9,4483.416742,True,True,0.0025482662378874567,13.606418840394602
4.999393,2,4486.114275,True,True,0.0004183481870576799,8.452213782431851
3.144326,2,4487.379955,True,True,0.0072004013734296,11.945155105698435
2.30812,3,4490.036901,True,True,0.0046598366333001125,13.211427904334377
1.453534,4,4493.206493,True,True,0.0017853241416266041,14.663727981630556
8.56337,1,4494.528871,True,True,0.00027695999871328114,2.4337846733957216
3.927253,1,4496.316127,True,True,0.0032430112234379856,10.804956931508123
4.92574,1,4497.985052,True,True,1.519459167828932e-06,9.001019462018379
1.5219,9,4502.471951,True,True,0.0037876356648900815,14.095571022887173
0.931037,1,4505.237741,True,True,0.0008370536401093431,16.206554449575627
3.044632,1,4507.037648,True,True,0.002888421292677114,12.396622475367653
9.147892,4,4508.594954,True,True,0.00015414683087955176,0.6623522020655191
-18.608157,60,4557.253222,False,True,0.009924181802020027,24.025697420836227
5.229736,5,4562.952547,True,True,0.004763844911746682,6.544298733374019
1.503539,1,4564.798025,True,True,0.0001816555717848679,15.173957223428893
9.116614,2,4566.56779,True,True,0.00042768873942098024,3.1869715468438957
6.406611,2,4567.987279,True,True,0.004918202508908374,5.927338219957326
1.908597,1,4569.246372,True,True,0.00042981169892598696,14.443717522022753
11.705617,2,4571.070847,True,True,3.3565035253984785e-05,0.005750545987545549
3.827614,5,4577.37319,True,True,0.005784981720645347,9.735650862756344
8.399852,1,4579.177596,True,True,0.004797468556149893,2.734474899020658
5.766182,3,4583.583511,True,True,0.004867567652697891,5.761034554218074
9.486782,3,4585.520241,True,True,0.00011163275605102687,0.4437674361758917
8.506585,2,4588.783779,True,True,0.004692736138229329,2.394092736005571
6.532753,4,4591.124725,True,True,0.0002755879921811904,6.627489806240144
6.38388,2,4592.539744,True,True,3.3229332959266566e-05,6.615204125820582
7.131992,3,4593.775582,True,True,0.002367658213715338,5.579390116361929
3.036078,3,4595.004746,True,True,0.0016438670844406353,12.162048399696804
0.014584,1,4596.122522,True,True,0.004816467702781198,17.86061678270522
5.911615,3,4597.351043,True,True,0.004624298625766738,6.87155977982215
5.007653,1,4598.653816,True,True,0.0001412160553651363,8.853329290536786
4.897445,5,4603.562805,True,True,1.3190949080203046e-06,6.300648917799129
3.644232,2,4606.187247,True,True,0.008951915184391427,10.981471879723802
4.254077,2,4608.834449,True,True,0.005129844747976321,9.934901923647807
2.439269,1,4610.213483,True,True,1.4255026326015496e-10,13.486461682027429
6.15331,3,4614.151421,True,True,0.0046753576640899824,5.933895007747286
8.539254,2,4615.489754,True,True,0.00027668201490373655,2.806946931099513
0.136385,4,4620.257955,True,True,0.0001277567611926273,17.296098731849245
6.61659,3,4623.004727,True,True,0.00032355431967932835,6.268367371699708
-29.39618,60,4642.16497,False,True,0.012848453717248583,39.04261730472301
-19.396718,50,4689.891929,True,True,0.01070483827467231,9.594156146355392
8.485875,1,4691.20614,True,True,0.004581906572591335,2.5788827014478746
1.853103,1,4692.250238,True,True,0.0020472851431960534,14.544761733693576
5.114282,1,4693.473436,True,True,1.5088490606673683e-05,8.660803588875623
3.978166,1,4694.631605,True,True,6.276597785256997e-05,10.710739301626461
5.30543,1,4695.985888,True,True,0.0005057576407493762,8.31629057739343
6.832025,2,4697.363801,True,True,0.006386133745352432,4.565185381454081
8.033831,1,4698.759459,True,True,0.00026976149720422775,3.3903109219169263
8.183621,2,4700.385217,True,True,0.007049966389912729,3.1121216724662175
4.129649,3,4704.714903,True,True,0.0008786126874649677,10.214222183001155
5.886897,1,4706.424183,True,True,0.0004159694703359607,7.266800207675619
6.111141,7,4710.970329,True,True,0.007162600171167037,3.021708985853382
6.225752,1,4712.199524,True,True,0.0041474975622361795,6.658661390709864
7.826707,7,4718.000986,True,True,0.002166597590617528,2.693340768810946
4.92527,2,4719.209292,True,True,7.059663121448609e-06,8.868568372905045
4.791153,1,4720.900106,True,True,0.0026995225499190437,9.24608842321922
8.384586,4,4723.277743,True,True,1.2204802450045248e-05,2.2978482738886092
4.876075,1,4724.867235,True,True,0.004292255078457916,9.092725964565515
2.053091,2,4727.83059,True,True,0.00036350476758254587,12.26634057314244
9.873234,1,4729.017815,True,True,1.2647258420121418e-05,0.0664741820854237
-2.601987,18,4735.517166,True,True,0.00236815452778992,10.99884679974278
2.852444,1,4736.714107,True,True,0.006237473085570077,12.745323393416042
-3.814252,13,4743.364625,True,True,0.004672670453695791,11.351463218119042
6.221048,5,4748.419162,True,True,0.0026393151726222673,6.759472673656924
8.580585,1,4749.655782,True,True,0.004758347019014519,2.408041491076985
9.172402,1,4751.471462,True,True,0.003513371555943126,1.335294050099862
1.820316,8,4760.171091,True,True,0.004964683580926478,12.525883107645837
-17.553707,24,4774.022784,True,True,0.00934584091893249,14.96278424178316
4.098567,2,4776.76365,True,True,4.441293160670212e-08,10.261878219818177
4.447698,3,4778.653444,True,True,0.0019340446262825833,8.48701255028064
4.939702,2,4779.811673,True,True,7.92215314937908e-05,8.721771764397113
-20.186161,60,4819.120205,False,True,0.02043472045813799,34.739102427576675
8.432775,1,4820.681509,True,True,4.1443075579294074e-05,2.6694118588235822
0.497198,2,4822.315878,True,True,0.006992792494544229,16.95524582017986
-19.36043,60,4835.283153,False,True,0.039685092235672105,47.29712625757716
-22.579881,60,4864.587308,False,True,0.005113986575163199,21.8821113481582
9.20722,1,4866.62474,True,True,0.0010806996261131078,1.2715676166249423
2.820804,3,4868.905843,True,True,3.0809309537521695e-05,12.30589049043573
6.708823,1,4870.407209,True,True,3.9324754495433665e-05,5.774397963770806
-19.951005,42,4899.738267,True,True,0.0029530718359330075,17.26629967279587
0.172023,5,4901.755411,True,True,0.010858495118629158,16.70758736356452
5.652511,2,4903.328065,True,True,8.758816964060927e-05,5.965948886588417
-19.315977,60,4916.089527,False,True,0.007905896537968546,8.478398900096753
-0.229614,9,4917.496092,True,True,0.0017094696533291591,14.504439279452086
-7.367406,22,4919.415524,True,True,0.004547157703977905,16.720013800630312
1.809655,1,4921.020455,True,True,0.007146406944483336,14.62596903473608
-0.035354,1,4922.555511,True,True,0.001367777829673504,17.94897906221664
-17.660247,60,4932.848977,False,True,0.002810456788840702,4.759264970216494
7.647327,5,4934.079406,True,True,0.00028520441381355965,5.156152551685101
1.451397,2,4935.894715,True,True,0.0029392075766882797,15.160525266077943
-1.118824,17,4942.409601,True,True,0.007065567114773944,12.994074206929804
-1.323353,21,4950.166289,True,True,0.011713986968328764,11.391177554990911
1.148908,3,4951.401613,True,True,0.005988808307142912,15.747472827773311
-16.768719,60,4967.796562,False,True,0.013805768138838118,35.55472913733856
5.289788,3,4969.453067,True,True,0.0003509635157944828,9.256539678694264
1.491341,1,4970.775636,True,True,0.010585316282287963,15.201525378926208
7.936201,1,4971.958218,True,True,0.006061922678983516,3.5730297071520254
6.320431,1,4973.187753,True,True,0.004993495064266395,6.488553570562503
-11.202321,60,4988.898677,False,True,0.02205982029611496,14.976976075690025
1.932896,1,4990.088517,True,True,1.9769071796238435e-11,14.39963318570749
-5.530316,12,4991.573478,True,True,0.0028171098304596415,16.634249396247316
7.153707,1,4992.692015,True,True,0.002312920768012011,4.9808221229321035
-17.565706,60,5010.305618,False,True,0.014387665955614656,27.176860330970147
2.503839,3,5011.508968,True,True,0.005333536058612306,13.027978141640633
-8.2108,60,5026.90188,False,False,0.006970053054156716,24.920457364336645
0.738703,5,5028.394725,True,True,0.0033163044826841574,12.764447764774456
1.496505,12,5036.954184,True,True,0.0016945887889081787,14.047134555976376
-12.675964,60,5053.988993,False,True,0.007149770504762832,22.510126107289704
-0.31854,9,5060.982576,True,True,0.004868342766561059,17.446902774259087
-12.372869,60,5071.566084,False,True,0.002831979061656998,14.456183086947052
8.793496,1,5072.898782,True,True,0.004716544787951882,2.0234644019794876
-7.184275,60,5085.279497,False,False,0.0012036107933450484,12.908462652850458
4.230419,2,5086.568977,True,True,0.008952967619496745,10.138498159776338
-0.032785,1,5087.693228,True,True,0.006016034564424908,17.946541557619895
4.20437,7,5092.237607,True,True,0.010422504882696405,8.171031482043615
5.060135,1,5093.446422,True,True,0.0043529101152477365,8.762116326205257
3.529497,1,5094.759628,True,True,0.0025417153555492965,11.52189943784005
6.086804,3,5097.519233,True,True,1.4331775327487348e-05,8.376830147894237
2.146733,1,5098.888906,True,True,0.004805103366968518,14.016944637580307
-7.877676,60,5115.673833,False,True,0.01611415473670833,10.179545050776287
0.70042,1,5117.304918,True,True,0.0005144721362247678,16.622148990782975
4.54996,1,5119.074869,True,True,9.4154947727354e-11,9.679072036248849
8.360655,2,5120.422943,True,True,0.0006539408975755655,2.6489914770958123
1.259977,10,5123.859677,True,True,0.006098735920316491,13.811466986906002
-1.524336,11,5128.345846,True,True,0.002511908004726332,16.212624601339094
-10.728501,60,5143.733188,False,True,0.018713557602804763,8.28620674872564
7.941999,11,5155.816846,True,True,0.007223298078455545,3.846647705165932
7.409724,8,5160.798001,True,True,0.005947493807517816,4.444631948307333
-11.173586,60,5172.200851,False,True,0.004673600174263057,34.23250548809073
-10.338749,60,5183.333836,False,True,0.016855243074544213,9.124869760156244
5.234343,3,5186.282397,True,True,0.00695677116229158,8.10137162692232
7.387648,1,5187.480751,True,True,0.009316693384852175,4.566415674168533
-11.864494,60,5205.256073,False,True,0.00715337888622536,13.109076490249702
-5.017735,8,5207.662244,True,True,7.882636090061627e-05,15.851295238442692
-22.037224,60,5221.214472,False,True,0.009466844419079778,23.11414383110907
2.704231,5,5222.84351,True,True,0.004070830235675676,12.440479946237181
4.48434,3,5224.347569,True,True,0.0019483167036925333,9.885544140632268
-3.754902,25,5241.139357,True,True,0.006507292517823972,13.309046469273174
-8.262867,60,5270.815223,False,True,0.014324863795164695,1.61719013355322
2.933118,1,5272.295992,True,True,0.008574326753690537,12.60124872488296
6.802492,3,5275.410779,True,True,0.0003665849607996149,5.915101299088068
4.295353,5,5279.940341,True,True,0.002210733500434681,9.354458453685423
1.21606,1,5281.598181,True,True,8.583602782579434e-05,15.692245469469295
3.828333,2,5283.642114,True,True,0.0005286322451067094,8.420790100487507
1.54486,4,5285.810835,True,True,0.0020002314848316547,14.003380538969601
2.183732,3,5288.760685,True,True,0.004585357507662205,13.71490563825748
-13.344602,60,5302.450307,False,True,0.01979272671012072,41.90640971794647
-13.492333,60,5330.857502,False,True,0.014403161502653729,50.4493122592874
3.30328,18,5336.318024,True,True,0.0053305101906212056,4.166051347436008
2.573976,13,5339.814066,True,True,0.00018352493702321164,8.080465064992163
4.079731,2,5342.854378,True,True,5.085494778094522e-05,10.397924342060966
-13.207706,60,5351.283707,False,True,0.009260829818142677,48.94417683227739
-11.002343,60,5370.002472,False,True,0.018491693957529566,15.47062366395458
-8.256494,60,5383.212112,False,True,0.033970673252629244,88.49531457224465
-9.790699,60,5400.976649,False,True,0.016063051991849722,12.083266407868487
-9.253543,60,5411.440315,False,True,0.02182772048859699,74.74777248266075
9.862947,1,5413.634284,True,True,2.6473164026112085e-05,0.08508963181070435
-26.463188,60,5445.74412,False,True,0.017085721212252963,36.748624709991766
-12.043094,60,5458.647036,False,True,0.006729520355034,26.34808546379473
-8.079661,60,5480.392441,False,True,0.0011233582540287543,21.306441349467658
8.351459,2,5483.508659,True,True,2.261332902067821e-06,2.5591787763664757
2.215781,1,5485.047846,True,True,1.6924631973669335e-09,13.889502345577725
-8.254835,60,5503.168415,False,True,0.014978206140751776,17.52578803698818
4.808188,1,5504.617548,True,True,0.00030212943364409627,9.213389847692062
1.006197,10,5508.886828,True,True,0.00864402068350637,14.336294858468648
-9.454606,60,5528.909389,False,True,0.013763842449473523,5.505022636911787
6.847693,1,5530.347729,True,True,0.007560068478809965,5.539307772928564
3.556424,2,5531.844808,True,True,0.000588820648307245,11.061370257959064
-6.891615,60,5555.907678,False,False,0.011255365025315385,7.689777858611068
5.279297,5,5557.94092,True,True,0.0047262679488148975,7.072809567029813
2.761387,7,5559.57353,True,True,0.0016676819090363833,12.134993187637262
0.621123,1,5561.006598,True,True,0.004648634402772822,16.76724450283453
-0.374815,16,5563.595268,True,True,0.0053957241561335845,13.536850234142465
-7.336194,60,5588.381409,False,False,0.0016459671777004246,16.55663163390317
-10.660975,60,5610.942054,False,True,0.02193852466735639,80.51454649867094
7.390718,2,5612.330495,True,True,0.004755117310771847,4.123544667837538
4.695505,1,5613.815157,True,True,0.011234518454748257,9.424854694568008
9.251163,1,5615.278288,True,True,0.00042458069259198976,1.1912949722498067
4.647027,1,5616.719723,True,True,0.0039012983157665666,9.507048283161375
-8.98279,60,5627.677834,False,False,0.0003509249805800684,37.82597392155269
4.345176,9,5631.017667,True,True,0.002453745782990257,7.638164278886516
3.388849,5,5632.716191,True,True,0.00016306549135081612,10.116085782284737
-12.962994,60,5659.232347,False,True,0.014917553820467892,17.752259487988155
0.280316,2,5660.669463,True,True,0.0005340671867423222,16.28179717937132
-8.575788,60,5673.528922,False,False,0.013508261141410426,22.265031300084235
8.449465,1,5674.967699,True,True,1.562940780902057e-06,2.6392126551414616
-13.735608,60,5695.161325,False,True,0.006672811996246696,22.12409098227575
0.640962,2,5697.686508,True,True,0.0003638426869748291,17.007456376016663
1.07025,6,5701.826462,True,True,0.00559464630795855,10.0218916464011
-0.21373,6,5703.370556,True,True,0.011364500632932213,17.675388350356187
-2.484749,11,5706.136662,True,True,0.0005781853744323065,17.82796638029731
4.023059,1,5707.516092,True,True,0.0017143229091353563,10.631011120837531
-18.129767,60,5724.559535,False,True,0.0022721471934058247,15.3292784832546
-2.171636,5,5725.911278,True,True,0.003398003993516659,17.843962633685944
5.121614,1,5727.187892,True,True,0.00012145920294572834,8.647665504661147
-12.053506,60,5744.691492,False,True,0.015116939865308755,28.68532259426116
2.645884,1,5746.03783,True,True,0.0031356571496416394,13.115880329883433
-13.124166,60,5761.594595,False,True,0.006885378857342228,36.603100953017076
-14.076073,60,5777.206144,False,True,0.002020982547140445,32.48877143317444
-7.108557,60,5789.962805,False,False,0.023626636068103637,25.612063564962618
4.921159,2,5791.449391,True,True,0.002949627062692301,9.112437566159786
1.393997,7,5793.321187,True,True,0.0002573656077950303,11.56144146462092
-8.839832,60,5801.266314,False,True,0.020183213654714035,35.71607809477565
6.159832,4,5803.593456,True,True,0.004902976238159528,6.600965754541442
-8.215759,60,5817.450958,False,True,0.003436089508092594,45.32780081345989
9.167657,3,5818.81843,True,True,0.0003122006161677313,1.1051890513298144
0.365883,9,5821.622759,True,True,0.006066558526621791,16.006745551915778
4.654011,3,5823.05741,True,True,0.002005845447092156,10.537563029979282
6.151492,11,5828.230077,True,True,0.00016779077055817165,5.252055090143367
2.93245,5,5829.570704,True,True,0.0012954410433655243,12.002271525623959
3.16783,8,5831.104296,True,True,0.004822225358750123,10.795428908009699
5.811682,1,5832.368483,True,True,0.004590022192721184,7.406281809142396
1.868388,2,5833.678915,True,True,0.003885193196063355,14.399252204399643
7.210431,7,5835.102233,True,True,0.009336186271635807,4.484731221720708
6.828998,4,5836.68339,True,True,0.0027579602190419905,6.047765080942448
-5.827157,6,5838.181255,True,True,0.005483722201697768,17.196867834544076
3.447124,1,5839.356302,True,True,0.00507649511461904,11.672191741197603
6.96612,1,5840.591528,True,True,0.00923191146725219,5.327075123247121
2.207795,4,5842.813447,True,True,0.003986242983363287,13.496246488873457
-26.683529,60,5852.435503,False,True,0.02606989926482266,16.842509057472647
3.568412,1,5853.654893,True,True,0.0045070066291532165,11.453066180232694
5.573159,1,5854.928393,True,True,0.0032037351243257364,7.835504268246154
0.119756,9,5856.485268,True,True,0.0032205138251399923,16.54681806755277
5.185907,1,5857.747239,True,True,0.002600432841218895,8.533764682727545
-6.453442,17,5861.946341,True,True,0.002408340108727041,17.60404233578193
5.849759,3,5863.249292,True,True,0.000488978244669409,7.277402364203646
1.650355,10,5864.779661,True,True,0.0024091277605692613,13.676305259703307
1.78426,1,5865.990378,True,True,0.009399220944448249,14.672925038420793
6.319995,2,5868.50589,True,True,0.002665115665411039,6.299033912841126
8.190187,1,5869.801995,True,True,0.00034289642822051946,3.1079843826862583
5.219312,11,5876.021399,True,True,0.005061160802251046,6.081566095513213
-6.675811,60,5884.233326,False,True,0.002302564998327071,5.2596971005154085
5.753652,1,5885.532044,True,True,3.467818593487319e-05,7.50693581054585
2.754374,3,5886.87085,True,True,0.0020919776881274145,12.70808889047837
-14.236807,60,5902.672792,False,True,0.017463705174765334,23.270739893532465
-6.25222,60,5922.755167,False,False,0.01687399358417116,13.863155431462886
8.797758,6,5924.229624,True,True,0.0023517755374599337,2.2657414501173574
-12.339695,60,5937.194313,False,True,0.0021075861496739658,31.613033886613714
7.05399,1,5938.435973,True,True,0.0049266621748400435,5.1645065476916105
2.849876,14,5941.706741,True,True,0.000567379939320301,9.61822946996248
-14.570731,60,5958.118525,False,True,0.008320567377917636,49.48773614257763
4.577292,1,5959.373741,True,True,0.0025572120590277112,9.631811224785295
-10.81023,60,5975.7179,False,True,0.004756982667418048,26.799276981489783
2.618747,4,5977.095568,True,True,0.00410546734595937,12.80185405525465
3.50535,6,5979.388212,True,True,0.002766261566438907,11.44198312983542
-10.266895,60,5998.62926,False,False,0.0023627274120873575,31.933277220511048
2.560206,7,6000.137316,True,True,0.00012756113985551518,11.975104336530283
-14.916666,60,6010.391085,False,True,0.014099832321437916,28.54014349080177
7.112667,1,6011.648188,True,True,0.009626417877543675,5.062961087844014
8.610212,2,6012.973781,True,True,0.00032836890302590654,2.6672266692211086
-0.957351,5,6014.38957,True,True,0.007109842682529069,17.545568133469295
0.180745,4,6015.735755,True,True,0.003865778839028274,17.00250411063304
-10.701662,60,6025.139506,False,True,0.00593939865465431,34.66199235614599
-23.195616,60,6041.306454,False,True,0.023187426841468194,20.074121746573447
8.467022,2,6043.738137,True,True,1.1899604652372987e-05,2.3041021567216933
-17.122459,60,6051.96642,False,True,0.013249990057509316,37.7483293040744
8.797943,2,6054.777469,True,True,0.002293517150507882,1.860268079086831
3.454303,2,6057.26953,True,True,0.004932992653822821,11.53556519564386
-12.96553,60,6074.682752,False,True,0.026862149725768152,17.29759500462102
7.290659,18,6079.453028,True,True,0.0017602310087475054,3.1661534650522998
-6.064417,8,6082.586087,True,True,0.0019459675068849817,17.5381111052167
-8.866185,60,6092.5578,False,True,0.004726881013113605,6.832275539972561
0.446221,4,6093.979742,True,True,0.002418398248380686,15.899767124711984
2.658754,1,6095.087482,True,True,0.002449111042072052,13.092233205203579
-0.003699,5,6096.438946,True,True,0.00037583256865471315,14.716123654046708
-0.229119,16,6098.249686,True,True,0.001002386751784181,16.99650591241834
2.498296,1,6099.450493,True,True,0.004675897380816242,13.382966635351591
2.870216,3,6102.107992,True,True,0.0001218199576261173,12.251337448550473
-16.8795,60,6120.65451,False,True,0.020601968842895932,22.969364807159273
4.6016,11,6123.899519,True,True,0.007206599699239186,10.146633534722122
-12.469227,60,6134.668848,False,True,0.03529332438760931,14.671022359700746
0.337359,8,6137.07233,True,True,0.005845251174722008,14.178312263651947
3.731344,1,6138.334631,True,True,1.3266398621863441e-05,11.155966167393373
6.724395,7,6139.803629,True,True,0.011265930495525548,5.883460315821688
8.296969,2,6141.096486,True,True,0.011202776993114366,2.8699003464900197
7.009492,13,6142.818434,True,True,0.0045388054100673125,7.66618020928337
2.394566,1,6143.952165,True,True,0.00216113387875625,13.568466726014428
3.629,1,6145.659065,True,True,0.01000556297971266,11.347341224670531
7.048776,6,6147.080322,True,True,0.007826476703812335,5.590477540172232
3.359629,1,6148.318189,True,True,0.009735694058936664,11.83289734649363
-14.158558,60,6157.705801,False,True,0.021412001018161875,14.330804077666828
4.229142,10,6161.556596,True,True,0.005241016448929704,11.50787909734669
1.62105,2,6162.888114,True,True,0.00038494229799142243,13.487543891909809
8.28619,1,6164.199036,True,True,0.00012858891780782,2.934312795713118
4.036675,1,6165.888669,True,True,1.7047018657789792e-10,10.605136435626614
2.87302,1,6167.587733,True,True,0.0010085630164974844,12.704869614398795
-3.056553,7,6172.854634,True,True,0.0005118715459196243,15.970556573346144
-11.810666,60,6185.516347,False,True,0.011763231568529105,15.466125249302667
-7.064363,60,6197.37735,False,False,0.0186907739930499,8.251626780886745
4.669291,2,6199.91009,True,True,0.004911410170134269,9.628016986620711
7.046089,2,6201.259466,True,True,0.0025835175688614168,5.614247897457951
5.519534,6,6202.682505,True,True,0.0023538488069317315,7.027595548632955
8.956047,1,6204.013299,True,True,0.0023588780352624917,1.726997854698348
9.193789,4,6206.676235,True,True,0.003177007527482273,2.137698768804375
7.114204,1,6207.933619,True,True,0.0006992003225141721,5.0470148781059
-15.510816,60,6225.095495,False,True,0.00617951718189989,23.26452437840066
9.268585,1,6226.375008,True,True,0.00039173336392230897,1.1521819785330132
1.29754,1,6227.512149,True,True,2.99297149564115e-11,15.545282775420018
1.379078,1,6228.786002,True,True,0.006941063137766359,15.402079852350708
6.523119,4,6230.145509,True,True,0.009737307660462938,5.088072967773412
2.593499,1,6231.412168,True,True,0.0006281894564260267,13.208730503099886
4.558594,2,6232.723256,True,True,0.009931566015347094,9.148101513247507
3.938195,7,6235.268784,True,True,0.007103442827877126,11.046294253396184
7.004266,1,6236.428724,True,True,0.0025541824839706885,5.251918337981787
4.881706,1,6237.718196,True,True,0.0023556142852238404,9.082434274618391
-7.727801,60,6248.531972,False,False,0.004065322894535752,18.193552033875598
-15.849926,60,6264.429038,False,True,0.009357298086442714,9.771897492148726
3.789536,5,6267.590438,True,True,0.0016129386327849212,11.074972738762256
-6.317697,60,6275.628486,False,False,0.00010652950822672281,3.693508418904727
7.97792,1,6276.863459,True,True,0.007458984392769506,3.499146185351651
8.528847,4,6278.226091,True,True,4.173670037395036e-06,2.4146788021101915
-9.54684,60,6294.831343,False,True,0.007026239034042829,76.01100330010465
0.943423,1,6296.034493,True,True,0.004802992961001323,16.18633228810165
6.236102,1,6297.307616,True,True,0.0045842048976737874,6.640375729100106
1.036972,1,6298.676404,True,True,0.007558337986114622,16.01907525308689
7.484767,2,6300.038143,True,True,0.004743529691800049,4.560534209898416
-11.503752,60,6308.439915,False,True,0.013827992977028455,28.281824493740988
8.748819,1,6309.64162,True,True,0.0001380076464119395,2.098575897846167
-8.96828,60,6329.604562,False,True,0.02098305225335975,3.800947399801103
-2.25678,14,6333.775575,True,True,0.011419069240670739,11.206118555345045
-14.551183,60,6347.955556,False,True,0.006639614692882927,27.811231429304154
0.878573,2,6349.243011,True,True,0.008059731891877423,16.056993665552607
3.075074,1,6350.863781,True,True,4.429510912435839e-05,12.339778224108644
4.700541,1,6352.131302,True,True,0.0010234418474532525,9.40821917909189
2.571539,4,6354.582622,True,True,0.004777067952399327,11.943964956017627
-5.113782,60,6366.451851,False,False,0.007810298894352691,12.938686078465711
-7.36575,20,6376.468766,True,True,0.00935328510601206,11.963386894150576
4.394901,1,6377.764152,True,True,0.00311053398503856,9.961278375007405
1.598923,1,6379.745928,True,True,0.002575086835033824,15.001124507833797
-16.884804,60,6393.551541,False,True,0.012126176940698785,20.987523412493587
-12.133501,60,6414.165039,False,True,0.01084929401840531,32.8502701948625
8.371067,2,6416.221962,True,True,0.0023284680346231986,2.578763628315593
-20.178611,60,6445.403887,False,True,0.012748249555693656,70.83167912251567
3.915127,3,6449.310573,True,True,0.0031562728962081753,10.5731498967915
1.031642,5,6456.454546,True,True,0.0028984009904845596,15.21264907664126
7.693122,3,6458.368337,True,True,0.003908801389044201,3.139517015855466
4.898193,1,6459.751743,True,True,0.0023889481454105084,9.052715309755996
6.622742,1,6460.993589,True,True,0.0001466000136532324,5.938246318820826
0.793018,4,6462.294106,True,True,0.0011797213951169616,16.075622670547713
1.36499,1,6463.585464,True,True,0.0022610973012091784,15.424966445537104
8.605959,2,6466.284553,True,True,0.0020498127900303816,2.288429626258268
-6.133495,18,6473.748874,True,True,0.00519439015467962,13.528581163897984
3.476294,3,6475.351786,True,True,0.00029521083763820247,11.012440504978896
5.80034,2,6476.72587,True,True,0.005868822141068092,7.214840025357058
1.562382,33,6481.813697,True,True,0.0025188516250896744,10.41432889747877
2.736817,3,6484.629735,True,True,0.003963604649960343,13.126290611804361
4.235113,1,6486.273807,True,True,0.001181571695102553,10.24805834917065
7.364017,1,6487.928776,True,True,0.0025132449725369854,4.602383776712024
9.923315,2,6489.184001,True,True,0.004538646064069982,0.6088158984800828
-6.07434,8,6491.860836,True,True,0.00011752903918790304,17.513104642366358
-13.359611,60,6508.439529,False,True,0.001177949932706407,30.94959814314142
1.343264,1,6511.859712,True,True,0.007010061050316371,15.466676610665965
1.721666,1,6514.62569,True,True,1.0543250335767751e-05,14.780536138002173
-12.746798,60,6531.519587,False,True,0.023759994883887893,13.994479455697165
-3.363468,21,6544.016804,True,True,0.010871676091724913,15.105879470890732
-8.0978,60,6557.415011,False,True,0.01268172833045976,58.84491145234404
-8.091331,60,6576.025634,False,False,0.010626245171188011,9.170401712834176
1.270571,2,6578.274442,True,True,0.010076879511257254,15.860530849770113
5.746608,2,6579.563709,True,True,0.002600160737532042,7.366796843422284
2.574728,1,6580.686803,True,True,0.0021141410922803096,13.240510359464354
8.633821,1,6581.891518,True,True,0.004659110248592403,2.3117825198671245
6.655802,2,6583.035937,True,True,0.004919698969889597,4.828633176708705
-21.533759,60,6599.245319,False,True,0.0021297617321406823,29.821504177184867
-30.293687,60,6611.571491,False,True,0.0015494256583647131,50.7104204015445
-10.495768,18,6614.293659,True,True,0.005129530475160331,17.315580575084287
2.420189,9,6615.867205,True,True,0.0025973647923003143,12.110595167696262
-13.386101,60,6632.860212,False,True,0.004368164412071089,12.727731557551527
6.274352,1,6634.069633,True,True,0.0044381117135339375,6.571213870462884
1.147086,4,6635.517834,True,True,0.005840946763305625,15.14998269114522
4.632481,3,6636.955263,True,True,0.011963489047047731,8.900288273427655
3.835755,1,6638.144203,True,True,0.009524989880590452,10.974212329033179
-18.700083,60,6650.387152,False,True,0.016720608742451286,40.994937793025436
2.01039,1,6651.639912,True,True,0.009459159596368416,14.265311558840368
-16.151046,60,6668.783127,False,True,0.01840791911333462,59.51439644776865
4.670829,9,6673.007349,True,True,0.006982249158105819,7.183261183501632
-13.348273,60,6681.406144,False,True,0.0032163098047563662,47.45509638957945
-10.101908,60,6700.001837,False,True,0.020555160582091905,25.390907862334096
-6.178463,14,6703.18901,True,True,0.009805405939700015,9.251193586075232
8.682269,8,6704.819966,True,True,0.011909892541880606,2.0650152620092284
-8.594744,60,6723.614121,False,True,0.0047863508017735685,22.02153428980176
3.869395,2,6724.948204,True,True,0.002440857473095755,10.104444594265647
1.569826,1,6726.439414,True,True,0.0014856904661732836,15.055204019924156
3.256373,4,6731.178031,True,True,0.0012899827604548394,8.782212772517246
5.643862,2,6732.712921,True,True,0.004754428593500965,6.3113069363957495
-12.720977,60,6740.635734,False,True,0.014905680465599761,39.14144663913993
-7.891616,60,6758.772026,False,True,0.009326646751507146,37.36783869352122
2.751447,1,6760.214815,True,True,0.002900317184782698,12.925364768767666
4.963426,12,6764.420702,True,True,0.009417296639339613,10.117111663000758
4.0681,4,6765.786685,True,True,0.0020874041127213125,9.906135493729735
-16.153375,60,6774.331716,False,True,0.0037798510015771766,51.327750703425
5.298392,1,6775.563559,True,True,0.0048366712660516155,8.332642124684888
-10.038593,60,6796.904147,False,True,0.010710078429134861,78.66427684692667
1.057197,26,6803.908744,True,True,0.00997907426590986,10.841199423373988
-8.791535,60,6828.667359,False,False,0.020423537979250398,39.10562108664747
-11.71513,60,6846.437694,False,True,0.020238659012887832,32.855380632276265
0.665724,2,6848.116785,True,True,0.006715435156022144,16.5451365953959
6.528653,1,6849.388899,True,True,0.006878527371481109,6.114460010432596
1.618599,1,6850.798743,True,True,0.0025552112679923756,14.96788275925105
6.320601,2,6851.993876,True,True,1.3309141627479253e-05,6.34338311949764
4.047764,2,6853.383611,True,True,0.001390507521061634,10.457807214872513
1.153183,3,6854.69567,True,True,0.00461095194078836,15.564152151639078
-14.310371,60,6864.827929,False,True,0.01762693426706067,14.15153584183305
5.328201,4,6866.180225,True,True,0.011782727163344059,7.748481715649179
4.903892,2,6868.711213,True,True,0.009291455300211618,8.715288761192374
-14.95509,60,6893.089925,False,True,0.02002866894592483,86.62090168410737
7.664757,1,6895.068893,True,True,0.00739919159867738,4.064416931788635
5.010453,4,6896.968899,True,True,0.009503413283772763,7.490589826623876
-18.604472,60,6929.103534,False,True,0.014078248896790916,6.624955191709316
-13.714716,60,6942.497558,False,True,0.0023906656814650287,16.26402809388524
-10.881147,60,6956.284567,False,True,0.0012091390152782226,7.836700991523782
4.234452,1,6958.764221,True,True,0.004455360780675301,10.251710831517832
3.624059,1,6960.388824,True,True,0.0028856084122619897,11.351582267175191
5.487043,1,6961.770295,True,True,0.004721167967862705,7.992169560155257
2.372045,1,6964.105711,True,True,0.006680415183437658,13.611783321758493
-12.186185,60,6978.645693,False,True,0.00911617524585705,11.763631482279312
-10.096231,60,6998.681405,False,True,0.011637759143880074,27.699460160706856
0.507678,3,7000.201619,True,True,4.006866070121453e-05,16.64608549001592
6.856432,3,7001.409637,True,True,0.004827941340835139,5.542911217185722
2.095499,1,7002.6574,True,True,0.004931806830799648,14.109393136472956
6.993981,1,7003.879118,True,True,0.0013062378935757265,5.269210659984953
2.713395,3,7005.124612,True,True,0.0038750607983582437,12.697821919004728
-14.419624,60,7018.944956,False,True,0.005667915974502358,31.012998657858134
1.403363,1,7020.191447,True,True,0.002755920585965659,15.356058795037926
-9.099718,60,7029.022225,False,True,0.021329945445807547,18.9131331963801
0.175352,1,7030.248386,True,True,0.0032115300154744323,17.57007236151545
2.339872,2,7031.514603,True,True,0.005412190789820243,13.160263287249014
-13.091427,60,7050.563992,False,True,0.030158002583851335,10.662577720384387
3.502567,12,7053.358024,True,True,0.00037621919222192643,11.02269988659181
4.314005,2,7056.028286,True,True,0.010951701047429326,9.990102900235714
-17.067446,60,7067.567318,False,True,0.001969882199025274,36.098517427911354
10.256482,13,7072.699034,True,True,0.008049687436052465,1.471306704815
3.529983,25,7077.357984,True,True,0.005314050017704656,9.132880419312478
2.19758,2,7078.642482,True,True,0.0003013264448129714,13.987732373471786
-12.569041,60,7090.398197,False,True,0.010415243062762002,33.892761160574345
3.148863,1,7091.599212,True,True,0.005995685982355811,12.21065993661057
-14.256713,60,7104.706057,False,True,0.025643750613358246,25.560697081357404
-29.223657,60,7116.639951,False,True,0.0022125626909102625,32.83327163927022
-6.053333,60,7127.287148,False,True,0.0025212093487844735,4.707030897858683
7.788658,2,7128.719073,True,True,0.007858800173851441,3.106532407247816
-11.696095,60,7140.772166,False,True,0.030523859779083465,26.2319100562881
2.429429,1,7142.107625,True,True,0.008950332129661655,13.509595418534387
4.892503,1,7143.539288,True,True,2.791211625371992e-07,9.060994493433993
0.248452,3,7145.308882,True,True,0.005598901724554369,17.529704507159398
4.990611,4,7146.702258,True,True,0.0002790944005536169,6.535428530034493
-19.894893,60,7169.859446,False,True,0.001315942882872071,20.405899395558976
2.833654,1,7171.252395,True,True,0.007702674809049816,12.780077640306873
-14.114272,60,7181.871297,False,True,0.01728736475941852,13.532711495172935
1.228329,1,7183.48119,True,True,0.00012562705301909487,15.670146017130849
-0.174087,39,7188.878778,True,True,0.0028192740220282335,12.911570889796026
0.568532,4,7192.046797,True,True,0.0006361939856871657,16.520678395184138
5.345611,1,7193.379308,True,True,0.005030779851479297,8.247606108603442
-0.022621,2,7195.053588,True,True,5.187100107079123e-10,17.637779674883035
-6.307385,60,7202.509419,False,True,0.00046985401529419,5.619217696518274
-8.581659,60,7214.877925,False,False,0.000689011949364958,29.353906915784982
-3.690818,30,7222.152256,True,True,0.002161951710136426,13.596904159437033
-13.571647,60,7237.930253,False,True,0.03248381181396333,22.139831063138125
-9.440677,60,7253.627836,False,True,0.00910351327932172,10.162152586760604
-15.424638,60,7266.297951,False,True,0.007006417411334941,14.650326837196426
2.23381,1,7267.72749,True,True,0.0022112930661380087,13.858382191072694
4.739655,5,7270.528766,True,True,8.28904915648257e-05,8.8777718857981
-7.594812,60,7283.534672,False,False,0.0398124657638137,35.567741557084
7.27615,1,7284.971882,True,True,0.009564061462750387,4.767868868965864
1.646022,2,7286.409838,True,True,0.0022124641177343907,12.044905179174767
4.526062,2,7288.076236,True,True,0.007378017934608716,8.949122552734813
-10.615343,60,7300.962411,False,True,0.007089465934355011,6.325407591501008
-11.773386,60,7308.700545,False,True,0.005468445997394292,27.19716491890945
-10.423614,60,7314.491839,False,True,0.016967673768247305,2.8688289531025886
-12.432732,60,7322.434159,False,True,0.00023978891811665204,14.487576495451284
6.260206,1,7323.755475,True,True,0.009228547363770379,6.600854473225576
4.870711,9,7325.200273,True,True,0.005087098202939714,8.466399867477929
-11.635673,60,7335.552908,False,True,0.02349394937990431,7.949993093759717
0.873558,2,7337.329445,True,True,0.0015952579949881692,16.110822822721296
-1.638093,10,7340.330271,True,True,0.005277072349258541,13.3270452461884
-10.698691,60,7360.267953,False,True,0.03499145026692495,49.61420720300843
-3.358333,17,7365.318889,True,True,0.0086668525823775,15.521769922368582
-0.852575,18,7371.891008,True,True,0.001838408864028463,17.4445323421163
2.747934,1,7373.280581,True,True,0.009714091175039272,12.93578564283662
-14.256009,60,7388.500992,False,True,0.00910386596846982,44.12252908868116
-18.540566,60,7398.508266,False,True,0.020829814261779718,53.97807415759471
-2.347242,9,7401.759294,True,True,7.933060994782994e-05,15.861216992965742
3.793294,3,7403.530336,True,True,0.0020685311454700164,10.79145288543853
-8.347061,60,7413.714025,False,True,0.012229433382624697,37.200837742501854
-8.501202,16,7415.486695,True,True,0.011368780055424674,12.01107932510673
-0.361982,50,7425.496476,True,True,0.005406060438695393,12.20354688223678
3.169634,1,7426.848166,True,True,0.008762274131039345,12.174900591678911
1.306302,1,7427.988126,True,True,0.0063574430884525985,15.53297214752295
3.377061,1,7429.358388,True,True,4.654227407555685e-05,11.795072537365328
-0.124403,2,7430.773767,True,True,0.005120507025764316,17.961184573880118
-13.871192,60,7450.209944,False,True,0.027377441068267668,18.140631476166615
3.155322,2,7452.059247,True,True,0.004020116023675019,12.107072911555715
-9.284566,60,7465.209101,False,True,0.03166067476877733,15.157090704881172
-8.759328,60,7480.511598,False,True,0.0013522595167992108,20.973803848486863
6.895505,1,7482.982892,True,True,0.002633866961296684,5.44834042980507
2.47587,7,7486.753999,True,True,0.0003401552541815551,9.561524047252444
4.704296,5,7488.717495,True,True,3.709001506028834e-05,9.723074929360529
4.529105,20,7493.875332,True,True,0.010126656643056774,1.8274836121801776
5.506493,5,7495.559913,True,True,3.572643276492722e-05,9.022292912121923
-10.744122,60,7522.254857,False,True,0.006614814818419488,30.10988239711415
0.855148,50,7536.711753,True,True,0.007556366876074407,6.291747514349452
1.085242,1,7539.007864,True,True,0.009602042858351489,15.933048866892603
6.904973,3,7541.255174,True,True,0.004517429366083934,5.029022562336201
-14.819087,60,7558.576105,False,True,0.012368285219464387,24.932134487388492
-0.23329,17,7560.703615,True,True,0.0041827382994039245,7.857257707583993
-14.216926,60,7573.328402,False,True,0.031564811150773246,81.59477712634143
-9.247397,60,7586.233341,False,True,0.004805286542829678,22.89903676760185
-9.977387,60,7599.845626,False,True,0.026240557300181433,83.92905997743505
3.875695,4,7601.502768,True,True,0.004721543278692945,10.190665819636633
3.826667,5,7603.090255,True,True,0.002984894905158678,12.113073644084103
-7.302313,60,7617.962378,False,False,0.004698681554784213,14.219342727546056
3.613756,1,7619.17164,True,True,0.006816920156515801,11.372821982445931
3.327295,4,7620.575448,True,True,0.004541072934159902,11.093956282583193
2.206612,4,7621.971921,True,True,0.002994787504041653,13.568878732411351
2.605611,2,7623.312237,True,True,1.1961257895868292e-05,13.06256886753152
-13.109032,60,7636.225667,False,True,0.00995717600033327,25.6878897110554
-8.516236,60,7644.049126,False,True,0.023388754714240415,38.246637534336024
-12.653872,60,7654.992665,False,True,0.00952052328386969,17.267451029311907
-12.452612,60,7667.007365,False,True,0.016221884492995196,11.583814884768765
7.757789,5,7669.737787,True,True,0.005101680452317875,3.3218202969552886
-1.542218,5,7671.100285,True,True,0.009529782851815088,17.18493232115768
-16.332143,60,7685.412379,False,True,0.0022212036096973253,21.20887907680341
-11.748007,60,7697.495214,False,True,0.014385623965301048,18.45158087079762
-12.98006,60,7708.654527,False,True,0.02202496599179242,14.626644649115343
3.430083,3,7711.637859,True,True,9.49913270118037e-05,10.840979125976745
-8.009527,60,7722.117134,False,True,0.023294653730463702,8.482982951164837
6.190339,1,7723.338435,True,True,0.002685941270691187,6.721238293573778
2.353705,4,7726.94165,True,True,1.0231725189324692e-11,12.925499852038197
6.567118,2,7728.193299,True,True,0.0023998040286370976,6.52162571933089
-14.648982,60,7741.932117,False,True,0.01652990975136679,29.219668777151544
1.664324,19,7743.897729,True,True,0.00938211861288708,12.797300666990257
1.449432,17,7745.654522,True,True,0.0052928511428888825,13.472872546875069
7.457723,2,7746.900117,True,True,0.0016921843995779924,4.080890714191039
2.699952,4,7748.173289,True,True,0.001210297554902247,12.35725865172297
7.210202,7,7751.445248,True,True,0.0029763275707916682,3.767179514966144
4.677587,2,7754.559874,True,True,0.011289488966664546,9.352113903447751
1.367435,1,7755.923409,True,True,0.0006370218056074711,15.419629650033286
4.192226,2,7757.517389,True,True,0.007585251606386869,9.685018082783206
-9.856408,60,7773.4621,False,True,0.031597201968276735,5.428937795357178
-7.615772,60,7786.310949,False,False,0.01444980063307211,42.81950777490105
2.061569,2,7788.17737,True,True,0.004155261169985499,14.16138245587036
-21.184823,60,7818.568998,False,True,0.007072466481027783,27.9721776489936
-13.770221,60,7829.853755,False,True,0.012969046147646147,4.78728376972545
1.123039,9,7835.331648,True,True,0.0080702757967476,14.985896732387891
-8.853396,60,7855.069344,False,True,0.03462897720848463,81.16117801011853
-16.199369,60,7869.769458,False,True,0.015557849095836634,17.320811151474633
7.641333,8,7871.917611,True,True,0.010882515163046363,3.139330828475057
8.751009,1,7873.804804,True,True,0.004967240907249363,2.100491150911427
3.973702,3,7876.07368,True,True,0.001888014723104587,10.173830957000007
3.325386,9,7879.82286,True,True,0.00018891656529414907,11.173282044630332
4.183022,4,7881.499231,True,True,0.00015463694159063152,9.766054508162597
4.61667,1,7884.95773,True,True,0.008836384938920826,9.56540767696501
-9.180389,60,7897.291483,False,False,0.012561646245322952,31.959987537034923
7.383801,2,7899.008973,True,True,0.004750829568659536,3.7711982866319915
6.605729,1,7900.437009,True,True,0.004640232922866874,5.97333191593812
-6.572662,60,7911.990129,False,False,0.002641610807850794,33.290348341944465
-12.477981,60,7927.305263,False,True,0.00978846560829372,48.23119885224778
-8.169752,60,7939.271956,False,False,0.005187507111353674,24.526017504057172
2.672693,1,7940.901906,True,True,0.002946728562031299,13.067415336659703
-8.287529,60,7952.500339,False,False,0.0049149697221359204,24.571179933827686
-12.597923,60,7967.977863,False,True,0.045067879665439056,40.325278768939405
-15.501554,60,7986.884037,False,True,0.007321300351931421,15.329390529699248
-13.035577,60,8001.48542,False,True,0.032084676097081,22.293006972777548
1.685266,1,8003.518233,True,True,0.003210262178188622,14.848056714400366
0.841878,7,8007.808811,True,True,0.009827023382268655,16.014535289223783
0.102814,1,8009.597897,True,True,0.0008537563748948242,17.69965818956653
-16.446109,14,8012.077353,True,True,0.0020623732219777896,11.31880429696939
7.48396,12,8014.389262,True,True,0.007315439417932358,5.777504035138931
-5.44799,12,8018.336716,True,True,0.002060595959437467,16.698735257207286
0.337728,5,8020.264937,True,True,0.0050612723381046,15.60724675429373
9.087815,2,8023.228428,True,True,0.0021396028026435913,2.8581329416144547
1.498861,3,8024.990715,True,True,0.003957538018343377,15.32636176463286
-9.496381,60,8038.264032,False,True,0.002344755616035014,6.8735647164125995
7.997678,4,8041.6818,True,True,0.0024548055097421955,3.890537045049711
5.657651,2,8043.49811,True,True,0.002399302834182723,7.139424521218761
-19.809031,60,8056.440151,False,True,0.007241952554971794,19.34664387663618
-12.958131,60,8074.740502,False,True,0.0022670777207218166,7.754541986078367
4.302833,1,8076.719404,True,True,0.0005038153162236839,10.125353206874676
2.227897,1,8078.505805,True,True,0.002630515782346833,13.869301964545254
-10.056395,60,8094.306296,False,True,0.020595795797147924,70.06495305161492
-14.699283,60,8111.745079,False,True,0.02027572299822323,17.519435731975268
-6.566423,20,8119.616494,True,True,0.002872969491239874,17.55085182799092
4.934404,2,8121.173622,True,True,0.00246946100058978,8.856197268186653
-8.191316,60,8140.081588,False,True,0.01384778376842746,70.93333713102258
-12.926531,60,8152.793995,False,True,0.012292094052969599,20.72704073052584
1.148676,1,8154.141961,True,True,0.0071857785535641774,15.817535735010491
-12.957724,60,8164.645502,False,True,0.022606857660351358,19.71660803056067
-14.058391,60,8171.744365,False,True,0.019689840765736783,75.96788268540617
-9.274393,60,8180.015832,False,True,0.0074179516910842045,67.56604590697495
-10.068297,60,8192.085898,False,True,0.006440302464185885,37.996651188533754
1.103959,3,8193.335772,True,True,0.0008961463450664064,15.714230607772526
8.493368,2,8194.643003,True,True,0.004793146086399013,3.225292531377877
-10.194069,60,8201.539143,False,True,0.02990358547382615,49.874539378369846
-9.718675,60,8211.51899,False,True,0.03154733264109166,26.430683671786362
5.52014,2,8212.87327,True,True,0.00450354575805759,7.496119998417747
-9.832399,60,8221.168321,False,True,0.023834133071711484,25.689172592039213
5.717324,8,8222.588116,True,True,0.0048769227583875035,8.94196268823319
3.805698,1,8223.779777,True,True,0.0008255822989493983,11.022447464387731
1.491104,30,8229.705137,True,True,0.009480881493564759,14.045899676878836
5.502817,3,8230.943462,True,True,0.003256517056155388,7.772088838400735
-8.529563,60,8241.459057,False,True,0.004961942302988745,27.725395622228913
7.005985,2,8242.668113,True,True,0.00930712912992199,4.609816062842296
4.444075,11,8245.567793,True,True,0.007704143107048449,7.397424690850728
-20.872218,60,8258.29405,False,True,0.04280983183544552,45.48809200743514
-8.945114,60,8271.404595,False,True,0.002858296960294271,18.815767727625662
-8.894452,60,8285.263403,False,True,0.01713883498239737,21.45227508762588
-11.152322,60,8300.206561,False,True,0.021087836451209818,38.66565039901043
-1.64582,12,8301.829268,True,True,0.004222979506941139,14.603008018076434
-1.278435,44,8309.144084,True,True,0.004353941478649873,15.147739368530079
-8.195493,60,8316.090666,False,True,0.007288606318147079,6.407196447201546
-7.220891,60,8333.275717,False,False,0.016729192133246255,6.949306209174863
-12.014961,60,8341.304496,False,True,0.014282228260295366,7.0068946336224585
-12.143012,60,8349.243937,False,True,0.00018675855491250525,10.951474313537439
-9.741595,60,8356.777749,False,True,0.009638820697990562,8.367960858887606
2.352455,2,8358.00842,True,True,0.006038654509915906,13.527487516895356
7.38026,1,8359.19371,True,True,0.011818693672217275,4.581989668611009
-12.823142,60,8370.825643,False,True,0.008171980549084648,4.83966759408016
4.368449,1,8371.888123,True,True,0.0037992341728600165,10.009516065362766
-12.249917,60,8380.915167,False,True,0.01213701020413054,30.326959698301035
-11.683187,60,8396.274479,False,True,0.022250847914723197,23.37158690886614
1.99091,1,8397.514284,True,True,0.0107976007287852,14.301114133110682
2.977431,2,8398.842102,True,True,0.007891495958001591,12.400853241918604
7.576506,2,8399.924501,True,True,0.004446821265832884,4.078369981598097
4.006602,3,8401.297063,True,True,0.011329290213464122,10.989937276418585
0.470667,8,8403.63618,True,True,0.007070727801302438,13.5412974323669
9.675633,5,8405.000313,True,True,0.0023878160926889343,3.1558734150707437
9.542986,4,8406.257545,True,True,2.0061804227308917e-05,2.652500613848386
3.572596,1,8407.53599,True,True,0.008470832928781001,11.448101562855747
-8.632408,15,8410.547034,True,True,0.000995982537663486,17.742982956978143
-1.880591,8,8412.121321,True,True,0.011017344811131225,10.518845398893856
-9.01963,60,8419.071391,False,True,0.021238266977506946,3.097663756097162
1.112031,1,8420.318862,True,True,0.004839921767935997,15.882402947312771
4.253226,33,8428.621716,True,True,0.007699270978743839,5.592176519004937
3.935523,6,8430.911858,True,True,0.0005880424535421344,12.017926912429571
-6.178065,60,8440.145061,False,False,0.03382179854909697,85.91472140798432
6.282406,2,8441.293092,True,True,0.002263311006242493,6.416920960907839
1.217681,3,8442.625487,True,True,0.008440734182753762,15.109088847731854
-7.230488,60,8451.992429,False,False,0.008796972787255027,22.639481652393417
-6.846108,60,8463.019715,False,True,0.009528929001937251,7.853975619886184
7.821557,2,8464.288552,True,True,0.004764462922172518,2.409180357348796
-12.136905,60,8478.03835,False,True,0.002580782260768832,19.772237430475784
6.256351,2,8479.30239,True,True,0.005183268287450283,6.469467185805161
-0.614242,35,8483.685456,True,True,0.002377678638014586,1.9450750472208582
7.989882,2,8484.860863,True,True,0.003271611115243242,3.3249457727480936
-8.642933,60,8497.867272,False,True,0.030051979667676067,18.662072334167906
1.224323,1,8498.987928,True,True,0.0039662967289165445,15.67950519779514
-0.522589,25,8504.430681,True,True,0.0072307150798378616,3.4537870373605917
-13.799627,60,8515.871686,False,True,0.007412884482630958,5.823239778688708
3.114697,1,8517.095384,True,True,0.0011419847542982033,12.269077201975016
3.099961,1,8518.389468,True,True,0.0012633770930883994,12.295739183948799
3.548691,1,8519.674923,True,True,0.0007402078291970362,11.485990155339374
2.3511,1,8520.947097,True,True,0.001190913097349225,13.64623704198485
0.518213,2,8522.286924,True,True,1.1361678206985026e-05,16.677443049961177
-9.941879,60,8530.423398,False,True,0.008298935058210343,48.200858390360274
3.089488,9,8532.72812,True,True,7.147584737618451e-10,11.709580494857564
2.273596,2,8534.031823,True,True,0.000329450666518916,12.776042919407585
5.7075,1,8535.345787,True,True,0.0029873072914608804,7.592895227966526
-9.403737,60,8544.812359,False,True,0.03370510271711443,32.60116061941618
0.402225,4,8546.184887,True,True,0.0018085219444181101,17.250725938771325
2.470372,1,8547.523244,True,True,0.002830124137108942,13.43218699794343
6.340587,2,8548.824338,True,True,0.009398688133201487,7.356092660217342
-9.316913,60,8567.360535,False,True,0.027466940771579074,34.048255920374906
-6.934624,20,8571.69892,True,True,0.002626867114287548,14.849785091791556
5.439916,2,8573.309241,True,True,0.004785320962891506,7.126357294206853
-10.758197,60,8590.514108,False,True,0.045263690421311016,17.03082161750229
3.322996,13,8592.614067,True,True,0.010719259957738574,11.464959438005254
-1.723423,3,8594.033654,True,True,0.008544278760395482,17.32909348320146
-10.679285,60,8615.406309,False,True,0.01616858420790953,19.077022373997664
3.445985,4,8617.010445,True,True,0.0026670205593010807,11.927141333217483
-8.864541,60,8627.152917,False,True,0.019244541416588577,16.67904418845615
5.524648,4,8630.059962,True,True,0.009561481898668817,8.685682326243482
6.148806,2,8631.52727,True,True,0.007041581328979489,6.762892098808855
2.217587,1,8633.019431,True,True,0.0074253945770447125,13.89068171043486
4.092919,1,8634.265067,True,True,0.009198139654789734,10.510245664651373
-13.964666,60,8649.44747,False,True,0.01601381997790499,53.63750138229578
1.921076,1,8650.761907,True,True,0.002907187071599482,14.422709600633645
-11.994303,60,8658.594224,False,True,0.013203778219572696,11.731831620675491
2.365159,5,8660.260943,True,True,0.009518606191401782,10.289261098190593
0.83424,23,8666.672057,True,True,0.00892988061688846,15.814362280989435
-8.917468,60,8679.41762,False,True,0.00528083908115176,6.319968097666004
-9.901374,60,8694.66879,False,True,0.004753277093166785,10.235784138064957
7.179167,2,8696.06457,True,True,9.811035168814236e-06,4.657071181744874
2.248983,4,8697.619447,True,True,0.005425996452268426,13.20770991951434
-10.780724,60,8710.070349,False,True,0.033854681844336286,32.50824352714755
-7.009039,60,8723.389098,False,False,0.04403929399807305,7.993305148463628
-8.360861,60,8737.853058,False,True,0.013315058780149722,21.733180428512004
-8.60632,60,8752.534449,False,True,0.03159170475514801,48.25445970584704
-5.834232,60,8762.296758,False,False,0.0024718515078587288,15.88312890746467
-9.912825,60,8775.106394,False,True,0.01193438882229834,22.81660551506787
-10.778187,60,8783.723071,False,True,0.0048579857107935425,36.99626817246883
2.330258,2,8785.166671,True,True,0.003229828072675321,13.44295088810949
-18.08821,60,8809.04033,False,True,0.0037012331064443845,46.48595103721545
-6.864828,60,8817.475921,False,False,0.01086878411443426,29.167271852933787
3.592934,8,8819.145025,True,True,0.004770100507714483,9.62834460574516
-14.082013,60,8836.225935,False,True,0.01702886214127768,34.77762949071849
5.853218,2,8837.578059,True,True,0.007403899071370153,7.202535440544816
5.532484,1,8838.899682,True,True,0.009811568028032725,7.914190181274761
-18.874844,60,8845.469089,False,True,0.011464330533692007,26.062386496658743
-5.995996,60,8850.559727,False,False,0.01051849701848209,69.27844476766825
-10.007182,60,8856.624411,False,True,0.014954601921414646,85.63874258704959
-13.979338,60,8861.848507,False,True,0.0036524029420342066,68.45047620208841
-10.004124,60,8868.063507,False,True,0.049021548100775775,88.25908812843838
-12.004072,60,8873.117137,False,True,0.06511398901629344,84.46287290947468
-6.00593,60,8879.181742,False,False,0.0033985379377693865,84.03510180237828
-6.001354,60,8884.129056,False,False,0.021478768486520465,82.38778004781099
-5.999212,60,8889.348968,False,False,0.035509221867046636,74.33340131861137
-8.009897,60,8895.500326,False,True,0.022543201713472773,88.38382963785145
-6.037763,60,8900.75833,False,False,0.023404105608398597,87.8346018084046
-6.002136,60,8906.799918,False,False,0.09648617903222796,83.66827790289035
-6.004667,60,8912.010192,False,False,0.06292258099410775,87.9426302583714
-6.010712,60,8918.084252,False,False,0.03756520239697185,88.0908784268255
-10.00384,60,8923.245226,False,True,0.13275428503558323,80.47722076065766
-8.008955,60,8929.356156,False,True,0.0071800435932644745,80.52449303404998
-5.99964,60,8934.509881,False,False,0.06269223853373508,82.57471415287262
-6.001373,60,8940.635764,False,False,0.15803494790863962,87.23974735943581
-5.993882,60,8945.69058,False,False,0.018484306412745906,78.22632800892264
-6.00058,60,8951.533234,False,False,0.06674341640468323,75.19380391885663
-5.998392,60,8956.766777,False,False,0.10962010095624825,68.25564624447121
-6.002025,60,8962.700816,False,False,0.005856889058645048,81.26428205130046
-6.001346,60,8967.772589,False,False,0.09416571564721635,87.01077171837049
-6.000696,60,8974.05101,False,False,0.0840233464496549,75.12728988803443
-5.997044,60,8979.124994,False,False,0.08753993254330986,71.54429180382265
-7.989265,60,8984.293116,False,True,0.044872875018409725,67.49878863446285
-5.996835,60,8990.523386,False,False,0.047307209765815914,81.84870439004403
-5.992721,60,8995.554538,False,False,0.012661763891189016,76.99534031117499
-5.980986,60,9001.642679,False,False,0.0029732555156794897,69.09999915276055
-6.006984,60,9006.787699,False,False,0.059624699931729676,89.15836793667033
-6.015176,60,9012.875776,False,False,0.03653826979238285,87.59609774638646
-6.000589,60,9018.063917,False,False,0.06598418278102444,80.32617913865897
-5.996978,60,9024.073588,False,False,0.052886740914833565,75.39986445885698
-5.987823,60,9029.136131,False,False,0.039719074831480405,70.60852452456339
-6.00878,60,9034.982097,False,False,0.009849048820527477,80.58585229168771
-6.006121,60,9040.134245,False,False,0.06972284562740393,87.66158100660704
-6.000581,60,9046.487053,False,False,0.05352084623474845,78.86457314789662
-5.995375,60,9051.674583,False,False,0.08647190454873852,63.6076343852759
-6.002005,60,9057.681517,False,False,0.09706441577484178,87.79117642791171
-6.083668,60,9064.338163,False,False,0.059160149220309904,79.76078040791802
-6.00194,60,9069.603729,False,False,0.09931890627571588,82.69672442772682
-5.989839,60,9076.249137,False,False,0.08652781659007457,60.5437287953497
-5.926291,60,9081.531311,False,False,0.005020239203534352,58.19620211620101
-5.922104,60,9088.017678,False,False,0.023384808436950448,52.17571261922665
-6.126201,60,9094.565069,False,False,0.0492595257472398,72.96147565703632
-6.009425,60,9100.77433,False,False,0.02409869270607922,80.88196938934489
-6.181528,60,9106.679305,False,False,0.013118842056030935,76.95693938188866
-5.950531,60,9113.01581,False,False,0.09634611874484195,79.15648914106524
-5.976846,60,9117.968416,False,False,0.1005673885635041,42.9034201461424
-5.98756,60,9125.981379,False,False,0.06627277823537298,59.519890953493054
-5.960911,60,9135.116474,False,False,0.05664667068319258,50.31594266760502
-5.993552,60,9142.688592,False,False,0.001775907876735948,75.86796813753385
-5.823596,60,9149.613712,False,False,0.0002510138023634166,49.05324051790637
-5.995986,60,9156.176623,False,False,0.07994648923084895,69.91266553381817
-5.985768,60,9161.091189,False,False,0.11429971974735596,49.42450205072507
-5.897689,60,9167.597092,False,False,0.05373684779133001,39.65915751647829
-5.856282,60,9172.444949,False,False,0.06625915329245731,57.27074949944888
-5.896279,60,9176.994173,False,False,0.04877289770872073,48.76771243404943
-5.764096,60,9182.503216,False,False,0.024303319541562382,36.67308345091845
-5.741313,60,9187.009884,False,False,0.041728884062107396,28.531850154121074
-5.946445,60,9193.041246,False,False,0.08228306425633407,37.71751619405276
-5.881934,60,9197.49452,False,False,0.048676231635251956,36.87178288347349
-5.986213,60,9203.563408,False,False,0.12325153759191837,45.27156564559927
-5.895969,60,9208.198751,False,False,0.05986174227475236,36.01218872758971
-5.998835,60,9214.08898,False,False,0.12946694189946012,66.93323502624696
-5.95215,60,9219.844505,False,False,0.08578606961220397,40.4314897882269
-5.963002,60,9226.966449,False,False,0.12899692866883675,28.08510353517493
-5.910119,60,9232.956991,False,False,0.07439649373747448,32.816886924669895
-5.930319,60,9239.458428,False,False,0.012657750325761524,55.89939462959295
-5.837719,60,9243.984043,False,False,0.008528376603861203,45.73030196053824
-5.912484,60,9249.464108,False,False,0.05581368819152302,40.78646095899071
-5.90462,60,9254.22826,False,False,0.013767174016249589,51.42149165835483
-5.855818,60,9258.764232,False,False,0.036678682842380454,38.62638339754857
-5.788531,60,9264.097714,False,False,0.0393803790405689,30.364634907394645
-5.938224,60,9268.67348,False,False,0.10424260382367798,30.518059382631886
-6.004315,60,9274.804081,False,False,0.06656431719737503,78.98118561556149
-5.029067,60,9279.446764,False,False,0.00452237360066176,19.265359803614643
-5.644875,60,9285.082644,False,False,0.04078968404779249,26.23629090964733
-5.865624,60,9289.54552,False,False,0.06580475684773444,29.696480885818087
-5.834461,60,9295.016383,False,False,0.0706736181036832,24.30891897983348
-5.99189,60,9299.529601,False,False,0.11941886648117599,54.17286618792706
-5.962602,60,9305.074106,False,False,0.08031617809955283,43.37482630062149
-6.002146,60,9310.145009,False,False,0.0955623297103147,27.924864395184258
-5.662961,60,9315.710022,False,False,0.011318098366681937,35.2452995730097
-5.979019,60,9320.204832,False,False,0.052043927324306724,54.074188091102805
-5.868139,60,9326.099344,False,False,0.010884672708269563,47.60703420430207
-5.910306,60,9330.725829,False,False,0.009299861538654813,55.142017176913996
-5.843069,60,9336.232329,False,False,0.05167431053318052,33.468552971708604
-5.840314,60,9340.903834,False,False,0.03575433359412379,38.67064884769999
-5.998081,60,9346.685521,False,False,0.10978781046193234,64.61425998409105
-5.725432,60,9352.138229,False,False,0.008376565496329405,37.99570435210341
-5.719193,60,9356.614106,False,False,0.026334730572172352,31.85962629095759
-5.594987,60,9362.355063,False,False,0.017036251823294976,28.603715228792854
-5.946879,60,9367.099426,False,False,0.03538074358308098,48.33735858706982
-5.990493,60,9372.933621,False,False,0.05036020871918459,66.59354548429732
-5.986374,60,9378.567459,False,False,0.11931420043545181,41.133707549108045
-5.135246,60,9384.952691,False,False,0.015589500637580357,18.01221619044542
-7.847365,60,9389.629002,False,True,0.0438439138301105,35.095261953685466
-5.614868,60,9395.512478,False,False,0.0066509304607428495,32.67147698394016
-5.96025,60,9400.088878,False,False,0.027858786011371997,58.84293279486201
-5.981628,60,9405.75408,False,False,0.06698797682994467,60.710851153128615
-5.954903,60,9410.314042,False,False,0.06395095257575148,48.288037890148615
-5.801555,60,9415.735778,False,False,0.036375299635829784,36.15587910013338
-5.94943,60,9420.213073,False,False,0.10686698914096934,34.27279496181077
-5.93562,60,9424.628968,False,False,0.05835548261681124,38.10191362497308
-5.95648,60,9430.327201,False,False,0.06924796170112706,47.997756121778565
-5.841183,60,9435.313359,False,False,0.07447308292213041,26.256591577260046
-5.349202,60,9441.607973,False,False,0.0005441307073422094,27.589578722830925
-5.490913,60,9447.216246,False,False,0.008071192757851845,28.352306859566134
-5.428269,60,9453.714195,False,False,0.03380232745465677,17.86178066048488
-5.927311,60,9458.505198,False,False,0.10182822884954974,30.442515645146127
-5.941425,60,9463.99814,False,False,0.0164535545839657,55.71106508995144
-5.961284,60,9468.808537,False,False,0.11488799061060744,32.4633261436119
-5.84184,60,9474.279584,False,False,0.04825186517226211,34.585508512995986
-5.777345,60,9479.040883,False,False,0.0390154817362816,28.155397295815636
-5.672684,60,9484.756395,False,False,0.039674217973163076,25.524530240320196
-5.902539,60,9489.531526,False,False,0.08712232928095709,28.58020348787553
-5.625664,60,9494.972927,False,False,0.03681040602816395,25.1032526910327
-5.751751,60,9499.599506,False,False,0.026450050443398782,32.78978675547345
-5.493828,60,9505.088544,False,False,0.01938172781218846,22.367485219761118
-5.661608,60,9509.767374,False,False,0.01857216329341762,32.49328039217929
-5.942209,60,9514.26964,False,False,0.0798315630174122,46.19775032744884
-5.583561,60,9519.823379,False,False,0.018217968620728706,29.408274453128026
-5.145497,60,9524.698817,False,False,0.010556911509391653,20.06157792738159
-5.710725,60,9530.204405,False,False,0.0119485322483701,27.68424150260469
-5.900553,60,9534.841535,False,False,0.00364493071311784,53.57193763300532
